******************************************************************** 1 сек
Время:        02.08.2019 19:33:41
message1:     68 20 31 20 31 30 3C 30 35 3D 33 30 20 3C 36 30 30 30 30 30 30 2B 31 30 38 2B 31 30 39 20 30 00
message2:     68 20 33 20 31 31 3C 30 35 3D 33 30 20 3D 36 30 30 30 30 30 30 2B 31 30 39 2B 31 31 30 20 30 00
n1,2:         108 109
Phase1,2:     13962257-13962241=16
a1,2:         2049 2305
b1,2:         2305 17
 
Время:        02.08.2019 19:33:42
message1:     68 20 33 20 31 31 3C 30 35 3D 33 30 20 3D 36 30 30 30 30 30 30 2B 31 30 39 2B 31 31 30 20 30 00
message2:     68 20 33 20 38 32 3C 30 35 3D 33 30 20 3E 36 30 30 30 30 30 30 2B 31 31 30 2B 31 31 31 20 30 00
n1,2:         109 110
Phase1,2:     13962280-13962257=23
a1,2:         2305 17
b1,2:         17 273
 
Время:        02.08.2019 19:33:43
message1:     68 20 33 20 38 32 3C 30 35 3D 33 30 20 3E 36 30 30 30 30 30 30 2B 31 31 30 2B 31 31 31 20 30 00
message2:     68 20 33 20 34 34 3C 30 35 3D 33 30 20 3F 36 30 30 30 30 30 30 2B 31 31 31 2B 31 31 32 20 30 00
n1,2:         110 111
Phase1,2:     13962308-13962280=28
a1,2:         17 273
b1,2:         273 529
 
Время:        02.08.2019 19:33:44
message1:     68 20 33 20 34 34 3C 30 35 3D 33 30 20 3F 36 30 30 30 30 30 30 2B 31 31 31 2B 31 31 32 20 30 00
message2:     68 20 33 20 36 3F 3B 30 35 3D 33 30 20 30 37 30 30 30 30 30 30 2B 31 31 32 2B 31 31 33 20 30 00
n1,2:         111 112
Phase1,2:     13962230-13962308=-78
a1,2:         273 529
b1,2:         529 785
 
Время:        02.08.2019 19:33:45
message1:     68 20 33 20 36 3F 3B 30 35 3D 33 30 20 30 37 30 30 30 30 30 30 2B 31 31 32 2B 31 31 33 20 30 00
message2:     68 20 33 20 37 3E 3B 30 35 3D 33 30 20 31 37 30 30 30 30 30 30 2B 31 31 33 2B 31 31 34 20 30 00
n1,2:         112 113
Phase1,2:     13962215-13962230=-15
a1,2:         529 785
b1,2:         785 1041
 
Время:        02.08.2019 19:33:46
message1:     68 20 33 20 37 3E 3B 30 35 3D 33 30 20 31 37 30 30 30 30 30 30 2B 31 31 33 2B 31 31 34 20 30 00
message2:     68 20 33 20 3B 3B 3B 30 35 3D 33 30 20 32 37 30 30 30 30 30 30 2B 31 31 34 2B 31 31 35 20 30 00
n1,2:         113 114
Phase1,2:     13962171-13962215=-44
a1,2:         785 1041
b1,2:         1041 1297
 
Время:        02.08.2019 19:33:47
message1:     68 20 33 20 3B 3B 3B 30 35 3D 33 30 20 32 37 30 30 30 30 30 30 2B 31 31 34 2B 31 31 35 20 30 00
message2:     68 20 33 20 31 31 3C 30 35 3D 33 30 20 33 37 30 30 30 30 30 30 2B 31 31 35 2B 31 31 36 20 30 00
n1,2:         114 115
Phase1,2:     13962257-13962171=86
a1,2:         1041 1297
b1,2:         1297 1553
 
Время:        02.08.2019 19:33:48
message1:     68 20 33 20 31 31 3C 30 35 3D 33 30 20 33 37 30 30 30 30 30 30 2B 31 31 35 2B 31 31 36 20 30 00
message2:     68 20 33 20 38 3E 3B 30 35 3D 33 30 20 34 37 30 30 30 30 30 30 2B 31 31 36 2B 31 31 37 20 30 00
n1,2:         115 116
Phase1,2:     13962216-13962257=-41
a1,2:         1297 1553
b1,2:         1553 1809
**************************************************************** 2 сек
Время:        02.08.2019 19:37:31
message1:     68 20 31 20 3A 31 3C 30 35 3D 33 30 20 3D 37 30 30 30 30 30 30 2B 31 32 35 2B 31 32 36 20 30 00
message2:     68 20 31 20 3B 35 3C 30 35 3D 33 30 20 3E 37 30 30 30 30 30 30 2B 31 32 36 2B 31 32 37 20 30 00
n1,2:         125 126
Phase1,2:     13962331-13962266=65
a1,2:         1313 1569
b1,2:         1569 1825
 
Время:        02.08.2019 19:37:33
message1:     68 20 31 20 3B 35 3C 30 35 3D 33 30 20 3E 37 30 30 30 30 30 30 2B 31 32 36 2B 31 32 37 20 30 00
message2:     68 20 31 20 38 32 3C 30 35 3D 33 30 20 3F 37 30 30 30 30 30 30 2B 31 32 37 2D 31 32 38 20 30 00
n1,2:         126 127
Phase1,2:     13962280-13962331=-51
a1,2:         1569 1825
b1,2:         1825 2081
 
Время:        02.08.2019 19:37:35
message1:     68 20 31 20 38 32 3C 30 35 3D 33 30 20 3F 37 30 30 30 30 30 30 2B 31 32 37 2D 31 32 38 20 30 00
message2:     68 20 31 20 3B 35 3C 30 35 3D 33 30 20 30 38 30 30 30 30 30 30 2D 31 32 38 2D 31 32 37 20 30 00
n1,2:         127 128
Phase1,2:     13962331-13962280=51
a1,2:         1825 2081
b1,2:         2081 1825
 
Время:        02.08.2019 19:37:37
message1:     68 20 31 20 3B 35 3C 30 35 3D 33 30 20 30 38 30 30 30 30 30 30 2D 31 32 38 2D 31 32 37 20 30 00
message2:     68 20 31 20 3D 35 3C 30 35 3D 33 30 20 31 38 30 30 30 30 30 30 2D 31 32 37 2D 31 32 36 20 30 00
n1,2:         128 129
Phase1,2:     13962333-13962331=2
a1,2:         2081 1825
b1,2:         1825 1569
 
Время:        02.08.2019 19:37:39
message1:     68 20 31 20 3D 35 3C 30 35 3D 33 30 20 31 38 30 30 30 30 30 30 2D 31 32 37 2D 31 32 36 20 30 00
message2:     68 20 31 20 30 32 3C 30 35 3D 33 30 20 32 38 30 30 30 30 30 30 2D 31 32 36 2D 31 32 35 20 30 00
n1,2:         129 130
Phase1,2:     13962272-13962333=-61
a1,2:         1825 1569
b1,2:         1569 1313
 
Время:        02.08.2019 19:37:41
message1:     68 20 31 20 30 32 3C 30 35 3D 33 30 20 32 38 30 30 30 30 30 30 2D 31 32 36 2D 31 32 35 20 30 00
message2:     68 20 31 20 37 31 3C 30 35 3D 33 30 20 33 38 30 30 30 30 30 30 2D 31 32 35 2D 31 32 34 20 30 00
n1,2:         130 131
Phase1,2:     13962263-13962272=-9
a1,2:         1569 1313
b1,2:         1313 1057
 
Время:        02.08.2019 19:37:43
message1:     68 20 31 20 37 31 3C 30 35 3D 33 30 20 33 38 30 30 30 30 30 30 2D 31 32 35 2D 31 32 34 20 30 00
message2:     68 20 31 20 38 33 3C 30 35 3D 33 30 20 34 38 30 30 30 30 30 30 2D 31 32 34 2D 31 32 33 20 30 00
n1,2:         131 132
Phase1,2:     13962296-13962263=33
a1,2:         1313 1057
b1,2:         1057 801
 
************************************************************** 0.5 сек
Время:        02.08.2019 19:39:47
message1:     68 20 31 20 39 3F 3B 30 35 3D 33 30 20 35 38 30 30 30 30 30 30 2D 31 32 33 2D 31 32 32 20 30 00
message2:     68 20 33 20 3D 36 3C 30 35 3D 33 30 20 36 38 30 30 30 30 30 30 2D 31 32 32 2D 31 32 31 20 30 00
n1,2:         133 134
Phase1,2:     13962349-13962233=116
a1,2:         801 545
b1,2:         545 289
 
Время:        02.08.2019 19:39:48
message1:     68 20 33 20 3D 36 3C 30 35 3D 33 30 20 36 38 30 30 30 30 30 30 2D 31 32 32 2D 31 32 31 20 30 00
message2:     68 20 33 20 34 33 3C 30 35 3D 33 30 20 37 38 30 30 30 30 30 30 2D 31 32 32 2D 31 32 30 20 30 00
n1,2:         134 135
Phase1,2:     13962292-13962349=-57
a1,2:         545 545
b1,2:         289 33
 
Время:        02.08.2019 19:39:48
message1:     68 20 33 20 34 33 3C 30 35 3D 33 30 20 37 38 30 30 30 30 30 30 2D 31 32 32 2D 31 32 30 20 30 00
message2:     68 20 33 20 3A 37 3C 30 35 3D 33 30 20 38 38 30 30 30 30 30 30 2D 31 32 31 2D 31 31 39 20 30 00
n1,2:         135 136
Phase1,2:     13962362-13962292=70
a1,2:         545 289
b1,2:         33 2321
 
Время:        02.08.2019 19:39:49
message1:     68 20 33 20 3A 37 3C 30 35 3D 33 30 20 38 38 30 30 30 30 30 30 2D 31 32 31 2D 31 31 39 20 30 00
message2:     68 20 33 20 36 32 3C 30 35 3D 33 30 20 39 38 30 30 30 30 30 30 2D 31 32 31 2D 31 31 38 20 30 00
n1,2:         136 137
Phase1,2:     13962278-13962362=-84
a1,2:         289 289
b1,2:         2321 2065
 
Время:        02.08.2019 19:39:49
message1:     68 20 33 20 36 32 3C 30 35 3D 33 30 20 39 38 30 30 30 30 30 30 2D 31 32 31 2D 31 31 38 20 30 00
message2:     68 20 33 20 3A 30 3C 30 35 3D 33 30 20 3A 38 30 30 30 30 30 30 2D 31 32 30 2D 31 31 37 20 30 00
n1,2:         137 138
Phase1,2:     13962250-13962278=-28
a1,2:         289 33
b1,2:         2065 1809
 
Время:        02.08.2019 19:39:50
message1:     68 20 33 20 3A 30 3C 30 35 3D 33 30 20 3A 38 30 30 30 30 30 30 2D 31 32 30 2D 31 31 37 20 30 00
message2:     68 20 33 20 31 38 3C 30 35 3D 33 30 20 3B 38 30 30 30 30 30 30 2D 31 32 30 2D 31 31 36 20 30 00
n1,2:         138 139
Phase1,2:     13962369-13962250=119
a1,2:         33 33
b1,2:         1809 1553
 
Время:        02.08.2019 19:39:50
message1:     68 20 33 20 31 38 3C 30 35 3D 33 30 20 3B 38 30 30 30 30 30 30 2D 31 32 30 2D 31 31 36 20 30 00
message2:     68 20 33 20 3D 37 3C 30 35 3D 33 30 20 3C 38 30 30 30 30 30 30 2D 31 31 39 2D 31 31 35 20 30 00
n1,2:         139 140
Phase1,2:     13962365-13962369=-4
a1,2:         33 2321
b1,2:         1553 1297
 
Время:        02.08.2019 19:39:51
message1:     68 20 33 20 3D 37 3C 30 35 3D 33 30 20 3C 38 30 30 30 30 30 30 2D 31 31 39 2D 31 31 35 20 30 00
message2:     68 20 33 20 3F 34 3C 30 35 3D 33 30 20 3D 38 30 30 30 30 30 30 2D 31 31 39 2D 31 31 34 20 30 00
n1,2:         140 141
Phase1,2:     13962319-13962365=-46
a1,2:         2321 2321
b1,2:         1297 1041
 
Время:        02.08.2019 19:39:51
message1:     68 20 33 20 3F 34 3C 30 35 3D 33 30 20 3D 38 30 30 30 30 30 30 2D 31 31 39 2D 31 31 34 20 30 00
message2:     68 20 33 20 3A 35 3C 30 35 3D 33 30 20 3E 38 30 30 30 30 30 30 2D 31 31 38 2D 31 31 33 20 30 00
n1,2:         141 142
Phase1,2:     13962330-13962319=11
a1,2:         2321 2065
b1,2:         1041 785
 
Время:        02.08.2019 19:39:52
message1:     68 20 33 20 3A 35 3C 30 35 3D 33 30 20 3E 38 30 30 30 30 30 30 2D 31 31 38 2D 31 31 33 20 30 00
message2:     68 20 33 20 3A 36 3C 30 35 3D 33 30 20 3F 38 30 30 30 30 30 30 2D 31 31 38 2D 31 31 32 20 30 00
n1,2:         142 143
Phase1,2:     13962346-13962330=16
a1,2:         2065 2065
b1,2:         785 529
 
Время:        02.08.2019 19:39:52
message1:     68 20 33 20 3A 36 3C 30 35 3D 33 30 20 3F 38 30 30 30 30 30 30 2D 31 31 38 2D 31 31 32 20 30 00
message2:     68 20 33 20 35 35 3C 30 35 3D 33 30 20 30 39 30 30 30 30 30 30 2D 31 31 37 2D 31 31 31 20 30 00
n1,2:         143 144
Phase1,2:     13962325-13962346=-21
a1,2:         2065 1809
b1,2:         529 273
 
Время:        02.08.2019 19:39:53
message1:     68 20 33 20 35 35 3C 30 35 3D 33 30 20 30 39 30 30 30 30 30 30 2D 31 31 37 2D 31 31 31 20 30 00
message2:     68 20 33 20 3B 37 3C 30 35 3D 33 30 20 31 39 30 30 30 30 30 30 2D 31 31 37 2D 31 31 30 20 30 00
n1,2:         144 145
Phase1,2:     13962363-13962325=38
a1,2:         1809 1809
b1,2:         273 17
 
************************************************************** 0.3 сек
Время:        02.08.2019 19:41:46
message1:     68 20 31 20 34 36 3C 30 35 3D 33 30 20 32 39 30 30 30 30 30 30 2D 31 31 30 2D 31 30 39 20 30 00
message2:     68 20 33 20 3A 37 3C 30 35 3D 33 30 20 33 39 30 30 30 30 30 30 2D 31 31 30 2D 31 30 38 20 30 00
n1,2:         146 147
Phase1,2:     13962362-13962340=22
a1,2:         17 17
b1,2:         2305 2049
 
Время:        02.08.2019 19:41:47
message1:     68 20 33 20 3A 37 3C 30 35 3D 33 30 20 33 39 30 30 30 30 30 30 2D 31 31 30 2D 31 30 38 20 30 00
message2:     68 20 33 20 36 36 3C 30 35 3D 33 30 20 34 39 30 30 30 30 30 30 2D 31 30 39 2D 31 30 37 20 30 00
n1,2:         147 148
Phase1,2:     13962342-13962362=-20
a1,2:         17 2305
b1,2:         2049 1793
 
Время:        02.08.2019 19:41:47
message1:     68 20 33 20 36 36 3C 30 35 3D 33 30 20 34 39 30 30 30 30 30 30 2D 31 30 39 2D 31 30 37 20 30 00
message2:     68 20 33 20 38 37 3C 30 35 3D 33 30 20 35 39 30 30 30 30 30 30 2D 31 30 39 2D 31 30 36 20 30 00
n1,2:         148 149
Phase1,2:     13962360-13962342=18
a1,2:         2305 2305
b1,2:         1793 1537
 
Время:        02.08.2019 19:41:47
message1:     68 20 33 20 38 37 3C 30 35 3D 33 30 20 35 39 30 30 30 30 30 30 2D 31 30 39 2D 31 30 36 20 30 00
message2:     68 20 33 20 36 39 3C 30 35 3D 33 30 20 36 39 30 30 30 30 30 30 2D 31 30 39 2D 31 30 35 20 30 00
n1,2:         149 150
Phase1,2:     13962390-13962360=30
a1,2:         2305 2305
b1,2:         1537 1281
 
Время:        02.08.2019 19:41:48
message1:     68 20 33 20 36 39 3C 30 35 3D 33 30 20 36 39 30 30 30 30 30 30 2D 31 30 39 2D 31 30 35 20 30 00
message2:     68 20 33 20 37 37 3C 30 35 3D 33 30 20 37 39 30 30 30 30 30 30 2D 31 30 38 2D 31 30 34 20 30 00
n1,2:         150 151
Phase1,2:     13962359-13962390=-31
a1,2:         2305 2049
b1,2:         1281 1025
 
Время:        02.08.2019 19:41:48
message1:     68 20 33 20 37 37 3C 30 35 3D 33 30 20 37 39 30 30 30 30 30 30 2D 31 30 38 2D 31 30 34 20 30 00
message2:     68 20 33 20 37 35 3C 30 35 3D 33 30 20 38 39 30 30 30 30 30 30 2D 31 30 38 2D 31 30 33 20 30 00
n1,2:         151 152
Phase1,2:     13962327-13962359=-32
a1,2:         2049 2049
b1,2:         1025 769
 
Время:        02.08.2019 19:41:48
message1:     68 20 33 20 37 35 3C 30 35 3D 33 30 20 38 39 30 30 30 30 30 30 2D 31 30 38 2D 31 30 33 20 30 00
message2:     68 20 33 20 34 36 3C 30 35 3D 33 30 20 39 39 30 30 30 30 30 30 2D 31 30 38 2D 31 30 32 20 30 00
n1,2:         152 153
Phase1,2:     13962340-13962327=13
a1,2:         2049 2049
b1,2:         769 513
 
Время:        02.08.2019 19:41:48
message1:     68 20 33 20 34 36 3C 30 35 3D 33 30 20 39 39 30 30 30 30 30 30 2D 31 30 38 2D 31 30 32 20 30 00
message2:     68 20 33 20 37 36 3C 30 35 3D 33 30 20 3A 39 30 30 30 30 30 30 2D 31 30 37 2D 31 30 31 20 30 00
n1,2:         153 154
Phase1,2:     13962343-13962340=3
a1,2:         2049 1793
b1,2:         513 257
 
Время:        02.08.2019 19:41:49
message1:     68 20 33 20 37 36 3C 30 35 3D 33 30 20 3A 39 30 30 30 30 30 30 2D 31 30 37 2D 31 30 31 20 30 00
message2:     68 20 33 20 35 38 3C 30 35 3D 33 30 20 3B 39 30 30 30 30 30 30 2D 31 30 37 2D 31 30 30 20 30 00
n1,2:         154 155
Phase1,2:     13962373-13962343=30
a1,2:         1793 1793
b1,2:         257 1
 
Время:        02.08.2019 19:41:49
message1:     68 20 33 20 35 38 3C 30 35 3D 33 30 20 3B 39 30 30 30 30 30 30 2D 31 30 37 2D 31 30 30 20 30 00
message2:     68 20 33 20 3F 36 3C 30 35 3D 33 30 20 3C 39 30 30 30 30 30 30 2D 31 30 37 2D 30 39 39 20 30 00
n1,2:         155 156
Phase1,2:     13962351-13962373=-22
a1,2:         1793 1793
b1,2:         1 2448
 
Время:        02.08.2019 19:41:49
message1:     68 20 33 20 3F 36 3C 30 35 3D 33 30 20 3C 39 30 30 30 30 30 30 2D 31 30 37 2D 30 39 39 20 30 00
message2:     68 20 33 20 32 37 3C 30 35 3D 33 30 20 3D 39 30 30 30 30 30 30 2D 31 30 37 2D 30 39 38 20 30 00
n1,2:         156 157
Phase1,2:     13962354-13962351=3
a1,2:         1793 1793
b1,2:         2448 2192
 
Время:        02.08.2019 19:41:50
message1:     68 20 33 20 32 37 3C 30 35 3D 33 30 20 3D 39 30 30 30 30 30 30 2D 31 30 37 2D 30 39 38 20 30 00
message2:     68 20 33 20 37 36 3C 30 35 3D 33 30 20 3E 39 30 30 30 30 30 30 2D 31 30 36 2D 30 39 37 20 30 00
n1,2:         157 158
Phase1,2:     13962343-13962354=-11
a1,2:         1793 1537
b1,2:         2192 1936
 
Время:        02.08.2019 19:41:50
message1:     68 20 33 20 37 36 3C 30 35 3D 33 30 20 3E 39 30 30 30 30 30 30 2D 31 30 36 2D 30 39 37 20 30 00
message2:     68 20 33 20 3A 3A 3C 30 35 3D 33 30 20 3F 39 30 30 30 30 30 30 2D 31 30 36 2D 30 39 36 20 30 00
n1,2:         158 159
Phase1,2:     13962410-13962343=67
a1,2:         1537 1537
b1,2:         1936 1680
 
Время:        02.08.2019 19:41:50
message1:     68 20 33 20 3A 3A 3C 30 35 3D 33 30 20 3F 39 30 30 30 30 30 30 2D 31 30 36 2D 30 39 36 20 30 00
message2:     68 20 33 20 35 35 3C 30 35 3D 33 30 20 30 3A 30 30 30 30 30 30 2D 31 30 36 2D 30 39 35 20 30 00
n1,2:         159 160
Phase1,2:     13962325-13962410=-85
a1,2:         1537 1537
b1,2:         1680 1424
 
Время:        02.08.2019 19:41:51
message1:     68 20 33 20 35 35 3C 30 35 3D 33 30 20 30 3A 30 30 30 30 30 30 2D 31 30 36 2D 30 39 35 20 30 00
message2:     68 20 33 20 35 3B 3C 30 35 3D 33 30 20 31 3A 30 30 30 30 30 30 2D 31 30 35 2D 30 39 34 20 30 00
n1,2:         160 161
Phase1,2:     13962421-13962325=96
a1,2:         1537 1281
b1,2:         1424 1168
 
Время:        02.08.2019 19:41:51
message1:     68 20 33 20 35 3B 3C 30 35 3D 33 30 20 31 3A 30 30 30 30 30 30 2D 31 30 35 2D 30 39 34 20 30 00
message2:     68 20 33 20 3D 39 3C 30 35 3D 33 30 20 32 3A 30 30 30 30 30 30 2D 31 30 35 2D 30 39 33 20 30 00
n1,2:         161 162
Phase1,2:     13962397-13962421=-24
a1,2:         1281 1281
b1,2:         1168 912
 
Время:        02.08.2019 19:41:51
message1:     68 20 33 20 3D 39 3C 30 35 3D 33 30 20 32 3A 30 30 30 30 30 30 2D 31 30 35 2D 30 39 33 20 30 00
message2:     68 20 33 20 33 39 3C 30 35 3D 33 30 20 33 3A 30 30 30 30 30 30 2D 31 30 35 2D 30 39 32 20 30 00
n1,2:         162 163
Phase1,2:     13962387-13962397=-10
a1,2:         1281 1281
b1,2:         912 656
 
Время:        02.08.2019 19:41:51
message1:     68 20 33 20 33 39 3C 30 35 3D 33 30 20 33 3A 30 30 30 30 30 30 2D 31 30 35 2D 30 39 32 20 30 00
message2:     68 20 33 20 35 36 3C 30 35 3D 33 30 20 34 3A 30 30 30 30 30 30 2D 31 30 34 2D 30 39 31 20 30 00
n1,2:         163 164
Phase1,2:     13962341-13962387=-46
a1,2:         1281 1025
b1,2:         656 400
 
Время:        02.08.2019 19:41:52
message1:     68 20 33 20 35 36 3C 30 35 3D 33 30 20 34 3A 30 30 30 30 30 30 2D 31 30 34 2D 30 39 31 20 30 00
message2:     68 20 33 20 32 3A 3C 30 35 3D 33 30 20 35 3A 30 30 30 30 30 30 2D 31 30 34 2D 30 39 30 20 30 00
n1,2:         164 165
Phase1,2:     13962402-13962341=61
a1,2:         1025 1025
b1,2:         400 144
 
