-1.88E-10
-8.58E-11
-3.36E-11
-5.33E-11
-1.12E-12
-7.72E-11
-2.51E-11
-5.64E-12
-1.53E-10
-1.01E-10
-1.77E-10
-1.25E-10
-7.31E-11
-5.37E-11
-1.58E-12
-1.49E-10
-9.73E-11
-1.73E-10
-1.21E-10
-6.91E-11
-1.45E-10
-9.30E-11
-4.09E-11
-1.89E-10
-1.69E-10
-1.17E-10
-6.50E-11
-1.29E-11
-1.61E-10
-1.80E-10
-1.28E-10
-4.29E-12
-1.52E-10
-1.00E-10
-4.79E-11
-1.96E-10
-1.44E-10
-9.14E-11
-3.93E-11
-1.87E-10
-1.35E-10
-8.28E-11
-3.07E-11
-1.79E-10
-1.26E-10
-7.42E-11
-2.21E-11
-1.70E-10
-1.18E-10
-6.57E-11
-1.35E-11
-1.61E-10
-1.09E-10
-5.71E-11
-4.93E-12
-1.53E-10
-1.72E-10
-1.20E-10
-1.96E-10
-1.83E-10
-1.64E-10
-1.12E-10
-5.95E-11
-7.37E-12
-1.55E-10
-1.03E-10
-1.62E-10
-1.10E-10
-1.24E-10
-7.22E-11
-2.01E-11
-6.72E-13
-1.49E-10
-9.64E-11
-1.72E-10
-1.20E-10
-6.82E-11
-1.44E-10
-9.21E-11
-7.27E-11
-2.06E-11
-1.68E-10
-4.45E-11
-1.92E-10
-1.40E-10
-8.81E-11
-3.59E-11
-1.84E-10
-1.64E-10
-1.12E-10
-6.01E-11
-1.36E-10
-8.40E-11
-3.19E-11
-1.24E-11
-1.60E-10
-1.08E-10
-5.60E-11
-3.85E-12
-1.52E-10
-9.96E-11
-4.74E-11
-1.95E-10
-1.43E-10
-9.10E-11
-3.88E-11
-1.87E-10
-1.34E-10
-1.60E-10
-1.08E-10
-5.55E-11
-1.32E-10
-6.20E-11
-9.87E-12
-1.58E-10
-1.06E-10
-1.14E-10
-6.19E-11
-9.77E-12
-8.59E-11
-1.66E-10
-4.22E-11
-1.01E-10
-1.60E-11
-1.64E-10
-1.44E-10
-9.23E-11
-1.68E-10
-1.55E-10
-1.36E-10
-8.37E-11
-1.60E-10
-1.08E-10
-8.82E-11
-3.61E-11
-1.84E-10
-6.00E-11
-7.86E-12
-8.40E-11
-3.18E-11
-1.24E-11
-1.60E-10
-3.63E-11
-1.84E-10
-1.65E-10
-1.13E-10
-1.89E-10
-1.69E-10
-1.17E-10
-1.93E-10
-1.41E-10
-1.72E-11
-1.65E-10
-1.46E-10
-2.17E-11
-8.59E-12
-1.89E-10
-1.37E-10
-1.31E-11
-1.94E-10
-1.42E-10
-1.76E-11
-1.65E-10
-1.85E-10
-1.33E-10
-8.08E-11
-1.57E-10
-3.30E-11
-1.81E-10
-1.61E-10
-1.09E-10
-1.85E-10
-1.33E-10
-1.14E-10
-6.17E-11
-1.38E-10
-8.56E-11
-6.62E-11
-1.40E-11
-9.01E-11
-3.80E-11
-1.14E-10
-6.19E-11
-4.25E-11
-1.90E-10
-6.65E-11
-1.43E-11
-1.95E-10
-1.43E-10
-1.88E-11
-1.67E-10
-4.28E-11
-1.91E-10
-1.71E-10
-1.19E-10
-1.95E-10
-1.43E-10
-1.24E-10
-7.14E-11
-1.48E-10
-9.54E-11
-1.71E-10
-1.52E-10
-9.99E-11
-1.76E-10
-1.24E-10
-1.04E-10
-5.23E-11
-1.28E-10
-7.62E-11
-2.41E-11
-4.68E-12
-1.53E-10
-2.86E-11
-1.76E-10
-5.26E-11
-4.24E-13
-1.81E-10
-1.29E-10
-4.95E-12
-1.53E-10
-1.33E-10
-8.12E-11
-1.57E-10
-1.05E-10
-1.81E-10
-1.29E-10
-1.10E-10
-5.76E-11
-1.34E-10
-1.14E-10
-6.21E-11
-1.38E-10
-8.60E-11
-1.06E-10
-5.35E-11
-1.30E-10
-7.74E-11
-1.54E-10
-5.87E-12
-8.20E-11
-2.98E-11
-1.06E-10
-5.38E-11
-1.62E-12
-1.49E-10
-9.73E-11
-4.52E-11
-1.93E-10
-1.41E-10
-8.87E-11
-3.66E-11
-1.84E-10
-1.32E-10
-8.02E-11
-2.80E-11
-4.76E-11
-6.72E-11
-1.51E-11
-1.63E-10
-7.81E-11
-2.59E-11
-1.74E-10
-1.93E-10
-6.95E-11
-1.73E-11
-1.98E-10
-1.46E-10
-9.36E-11
-8.05E-11
-1.57E-10
-1.04E-10
-8.50E-11
-3.29E-11
-1.81E-10
-1.78E-10
-1.26E-10
-7.38E-11
-1.50E-10
-9.78E-11
-7.83E-11
-1.93E-10
-1.74E-10
-1.22E-10
-1.98E-10
-1.46E-10
-9.37E-11
-1.70E-10
-1.18E-10
-9.82E-11
-2.38E-11
-1.72E-10
-1.20E-10
-6.74E-11
-1.52E-11
-3.49E-11
-1.83E-10
