01 68 20 32 20 3A 3D 3C 37 3C 30 35 30 20 30 30 30 30 30 30 30 30 2B 30 30 30 2B 30 30 30 20 30 00 
01 68 20 32 20 3A 3D 3C 37 3C 30 35 30 20 30 30 30 30 30 30 30 30 2B 30 30 30 2B 30 30 30 20 30 00 01 68 20 31 20 3E 3B 3C 37 3C 30 35 30 20 30 30 30 30 30 30 30 30 2B 30 30 31 2B 30 30 31 20 30 00 
01 68 20 31 20 3E 3B 3C 37 3C 30 35 30 20 30 30 30 30 30 30 30 30 2B 30 30 31 2B 30 30 31 20 30 00 01 68 20 30 20 3F 3A 3C 37 3C 30 35 30 20 31 30 30 30 30 30 30 30 2B 30 31 32 2B 30 30 32 20 30 00 
01 68 20 30 20 3F 3A 3C 37 3C 30 35 30 20 31 30 30 30 30 30 30 30 2B 30 31 32 2B 30 30 32 20 30 00 01 68 20 30 20 3B 3C 3C 37 3C 30 35 30 20 32 30 30 30 30 30 30 30 2B 30 35 31 2B 30 30 33 20 30 00 
01 68 20 30 20 3B 3C 3C 37 3C 30 35 30 20 32 30 30 30 30 30 30 30 2B 30 35 31 2B 30 30 33 20 30 00 01 68 20 30 20 3E 3D 3C 37 3C 30 35 30 20 33 30 30 30 30 30 30 30 2B 30 35 34 2B 30 30 34 20 30 00 
01 68 20 30 20 3E 3D 3C 37 3C 30 35 30 20 33 30 30 30 30 30 30 30 2B 30 35 34 2B 30 30 34 20 30 00 01 68 20 30 20 3C 3A 3C 37 3C 30 35 30 20 34 30 30 30 30 30 30 30 2B 30 35 34 2B 30 30 35 20 30 00 
01 68 20 30 20 3C 3A 3C 37 3C 30 35 30 20 34 30 30 30 30 30 30 30 2B 30 35 34 2B 30 30 35 20 30 00 01 68 20 30 20 34 35 3C 37 3C 30 35 30 20 35 30 30 30 30 30 30 30 2B 30 35 35 2B 30 30 36 20 30 00 
01 68 20 30 20 34 35 3C 37 3C 30 35 30 20 35 30 30 30 30 30 30 30 2B 30 35 35 2B 30 30 36 20 30 00 01 68 20 30 20 3B 3A 3C 37 3C 30 35 30 20 36 30 30 30 30 30 30 30 2B 30 35 35 2B 30 30 37 20 30 00 
01 68 20 30 20 3B 3A 3C 37 3C 30 35 30 20 36 30 30 30 30 30 30 30 2B 30 35 35 2B 30 30 37 20 30 00 01 68 20 30 20 33 3B 3C 37 3C 30 35 30 20 37 30 30 30 30 30 30 30 2B 30 35 36 2B 30 30 38 20 30 00 
01 68 20 30 20 33 3B 3C 37 3C 30 35 30 20 37 30 30 30 30 30 30 30 2B 30 35 36 2B 30 30 38 20 30 00 01 68 20 30 20 30 3E 3C 37 3C 30 35 30 20 38 30 30 30 30 30 30 30 2B 30 35 36 2B 30 30 39 20 30 00 
01 68 20 30 20 30 3E 3C 37 3C 30 35 30 20 38 30 30 30 30 30 30 30 2B 30 35 36 2B 30 30 39 20 30 00 01 68 20 30 20 33 35 3C 37 3C 30 35 30 20 39 30 30 30 30 30 30 30 2B 30 35 37 2B 30 31 30 20 30 00 
01 68 20 30 20 33 35 3C 37 3C 30 35 30 20 39 30 30 30 30 30 30 30 2B 30 35 37 2B 30 31 30 20 30 00 01 68 20 30 20 3B 3B 3C 37 3C 30 35 30 20 3A 30 30 30 30 30 30 30 2B 30 35 37 2B 30 31 31 20 30 00 
01 68 20 30 20 3B 3B 3C 37 3C 30 35 30 20 3A 30 30 30 30 30 30 30 2B 30 35 37 2B 30 31 31 20 30 00 01 68 20 30 20 30 39 3C 37 3C 30 35 30 20 3B 30 30 30 30 30 30 30 2B 30 35 38 2B 30 31 32 20 30 00 
01 68 20 30 20 30 39 3C 37 3C 30 35 30 20 3B 30 30 30 30 30 30 30 2B 30 35 38 2B 30 31 32 20 30 00 01 68 20 30 20 36 3B 3C 37 3C 30 35 30 20 3C 30 30 30 30 30 30 30 2B 30 35 38 2B 30 31 33 20 30 00 
01 68 20 30 20 36 3B 3C 37 3C 30 35 30 20 3C 30 30 30 30 30 30 30 2B 30 35 38 2B 30 31 33 20 30 00 01 68 20 30 20 34 3E 3C 37 3C 30 35 30 20 3D 30 30 30 30 30 30 30 2B 30 35 39 2B 30 31 34 20 30 00 
01 68 20 30 20 34 3E 3C 37 3C 30 35 30 20 3D 30 30 30 30 30 30 30 2B 30 35 39 2B 30 31 34 20 30 00 01 68 20 30 20 37 3D 3C 37 3C 30 35 30 20 3E 30 30 30 30 30 30 30 2B 30 35 39 2B 30 31 35 20 30 00 
01 68 20 30 20 37 3D 3C 37 3C 30 35 30 20 3E 30 30 30 30 30 30 30 2B 30 35 39 2B 30 31 35 20 30 00 01 68 20 30 20 3B 38 3C 37 3C 30 35 30 20 3F 30 30 30 30 30 30 30 2B 30 36 30 2B 30 31 36 20 30 00 
01 68 20 30 20 3B 38 3C 37 3C 30 35 30 20 3F 30 30 30 30 30 30 30 2B 30 36 30 2B 30 31 36 20 30 00 01 68 20 30 20 32 39 3C 37 3C 30 35 30 20 30 31 30 30 30 30 30 30 2B 30 36 30 2B 30 31 37 20 30 00 
01 68 20 30 20 32 39 3C 37 3C 30 35 30 20 30 31 30 30 30 30 30 30 2B 30 36 30 2B 30 31 37 20 30 00 01 68 20 30 20 37 36 3C 37 3C 30 35 30 20 31 31 30 30 30 30 30 30 2B 30 36 31 2B 30 31 38 20 30 00 
01 68 20 30 20 37 36 3C 37 3C 30 35 30 20 31 31 30 30 30 30 30 30 2B 30 36 31 2B 30 31 38 20 30 00 01 68 20 30 20 3F 3C 3C 37 3C 30 35 30 20 32 31 30 30 30 30 30 30 2B 30 36 31 2B 30 31 39 20 30 00 
01 68 20 30 20 3F 3C 3C 37 3C 30 35 30 20 32 31 30 30 30 30 30 30 2B 30 36 31 2B 30 31 39 20 30 00 01 68 20 30 20 37 3A 3C 37 3C 30 35 30 20 33 31 30 30 30 30 30 30 2B 30 36 32 2B 30 32 30 20 30 00 
01 68 20 30 20 37 3A 3C 37 3C 30 35 30 20 33 31 30 30 30 30 30 30 2B 30 36 32 2B 30 32 30 20 30 00 01 68 20 30 20 35 38 3C 37 3C 30 35 30 20 34 31 30 30 30 30 30 30 2B 30 36 32 2B 30 32 31 20 30 00 
01 68 20 30 20 35 38 3C 37 3C 30 35 30 20 34 31 30 30 30 30 30 30 2B 30 36 32 2B 30 32 31 20 30 00 01 68 20 30 20 35 3B 3C 37 3C 30 35 30 20 35 31 30 30 30 30 30 30 2B 30 36 33 2B 30 32 32 20 30 00 
01 68 20 30 20 35 3B 3C 37 3C 30 35 30 20 35 31 30 30 30 30 30 30 2B 30 36 33 2B 30 32 32 20 30 00 01 68 20 30 20 3A 38 3C 37 3C 30 35 30 20 36 31 30 30 30 30 30 30 2B 30 36 33 2B 30 32 33 20 30 00 
01 68 20 30 20 3A 38 3C 37 3C 30 35 30 20 36 31 30 30 30 30 30 30 2B 30 36 33 2B 30 32 33 20 30 00 01 68 20 30 20 31 3A 3C 37 3C 30 35 30 20 37 31 30 30 30 30 30 30 2B 30 36 34 2B 30 32 34 20 30 00 
01 68 20 30 20 31 3A 3C 37 3C 30 35 30 20 37 31 30 30 30 30 30 30 2B 30 36 34 2B 30 32 34 20 30 00 01 68 20 30 20 37 36 3C 37 3C 30 35 30 20 38 31 30 30 30 30 30 30 2B 30 36 34 2B 30 32 35 20 30 00 
01 68 20 30 20 37 36 3C 37 3C 30 35 30 20 38 31 30 30 30 30 30 30 2B 30 36 34 2B 30 32 35 20 30 00 01 68 20 30 20 33 3B 3C 37 3C 30 35 30 20 39 31 30 30 30 30 30 30 2B 30 36 35 2B 30 32 36 20 30 00 
01 68 20 30 20 33 3B 3C 37 3C 30 35 30 20 39 31 30 30 30 30 30 30 2B 30 36 35 2B 30 32 36 20 30 00 01 68 20 30 20 30 37 3C 37 3C 30 35 30 20 3A 31 30 30 30 30 30 30 2B 30 36 35 2B 30 32 37 20 30 00 
01 68 20 30 20 30 37 3C 37 3C 30 35 30 20 3A 31 30 30 30 30 30 30 2B 30 36 35 2B 30 32 37 20 30 00 01 68 20 30 20 3B 39 3C 37 3C 30 35 30 20 3B 31 30 30 30 30 30 30 2B 30 36 36 2B 30 32 38 20 30 00 
01 68 20 30 20 3B 39 3C 37 3C 30 35 30 20 3B 31 30 30 30 30 30 30 2B 30 36 36 2B 30 32 38 20 30 00 01 68 20 30 20 3A 35 3C 37 3C 30 35 30 20 3C 31 30 30 30 30 30 30 2B 30 36 36 2B 30 32 39 20 30 00 
01 68 20 30 20 3A 35 3C 37 3C 30 35 30 20 3C 31 30 30 30 30 30 30 2B 30 36 36 2B 30 32 39 20 30 00 01 68 20 30 20 38 3A 3C 37 3C 30 35 30 20 3D 31 30 30 30 30 30 30 2B 30 36 37 2B 30 33 30 20 30 00 
01 68 20 30 20 38 3A 3C 37 3C 30 35 30 20 3D 31 30 30 30 30 30 30 2B 30 36 37 2B 30 33 30 20 30 00 01 68 20 30 20 38 38 3C 37 3C 30 35 30 20 3E 31 30 30 30 30 30 30 2B 30 36 37 2B 30 33 31 20 30 00 
01 68 20 30 20 38 38 3C 37 3C 30 35 30 20 3E 31 30 30 30 30 30 30 2B 30 36 37 2B 30 33 31 20 30 00 01 68 20 30 20 32 3D 3C 37 3C 30 35 30 20 3F 31 30 30 30 30 30 30 2B 30 36 38 2B 30 33 32 20 30 00 
01 68 20 30 20 32 3D 3C 37 3C 30 35 30 20 3F 31 30 30 30 30 30 30 2B 30 36 38 2B 30 33 32 20 30 00 01 68 20 30 20 3C 3C 3C 37 3C 30 35 30 20 30 32 30 30 30 30 30 30 2B 30 36 38 2B 30 33 33 20 30 00 
01 68 20 30 20 3C 3C 3C 37 3C 30 35 30 20 30 32 30 30 30 30 30 30 2B 30 36 38 2B 30 33 33 20 30 00 01 68 20 30 20 31 39 3C 37 3C 30 35 30 20 31 32 30 30 30 30 30 30 2B 30 36 39 2B 30 33 34 20 30 00 
01 68 20 30 20 31 39 3C 37 3C 30 35 30 20 31 32 30 30 30 30 30 30 2B 30 36 39 2B 30 33 34 20 30 00 01 68 20 30 20 39 35 3C 37 3C 30 35 30 20 32 32 30 30 30 30 30 30 2B 30 36 39 2B 30 33 35 20 30 00 
01 68 20 30 20 39 35 3C 37 3C 30 35 30 20 32 32 30 30 30 30 30 30 2B 30 36 39 2B 30 33 35 20 30 00 01 68 20 30 20 35 37 3C 37 3C 30 35 30 20 33 32 30 30 30 30 30 30 2B 30 37 30 2B 30 33 36 20 30 00 
01 68 20 30 20 35 37 3C 37 3C 30 35 30 20 33 32 30 30 30 30 30 30 2B 30 37 30 2B 30 33 36 20 30 00 01 68 20 30 20 36 38 3C 37 3C 30 35 30 20 34 32 30 30 30 30 30 30 2B 30 37 30 2B 30 33 37 20 30 00 
01 68 20 30 20 36 38 3C 37 3C 30 35 30 20 34 32 30 30 30 30 30 30 2B 30 37 30 2B 30 33 37 20 30 00 01 68 20 30 20 34 37 3C 37 3C 30 35 30 20 35 32 30 30 30 30 30 30 2B 30 37 31 2B 30 33 38 20 30 00 
01 68 20 30 20 34 37 3C 37 3C 30 35 30 20 35 32 30 30 30 30 30 30 2B 30 37 31 2B 30 33 38 20 30 00 01 68 20 30 20 3A 36 3C 37 3C 30 35 30 20 36 32 30 30 30 30 30 30 2B 30 37 31 2B 30 33 39 20 30 00 
01 68 20 30 20 3A 36 3C 37 3C 30 35 30 20 36 32 30 30 30 30 30 30 2B 30 37 31 2B 30 33 39 20 30 00 01 68 20 30 20 3F 3B 3C 37 3C 30 35 30 20 37 32 30 30 30 30 30 30 2B 30 37 32 2B 30 34 30 20 30 00 
01 68 20 30 20 3F 3B 3C 37 3C 30 35 30 20 37 32 30 30 30 30 30 30 2B 30 37 32 2B 30 34 30 20 30 00 01 68 20 30 20 3C 3D 3C 37 3C 30 35 30 20 38 32 30 30 30 30 30 30 2B 30 37 32 2B 30 34 31 20 30 00 
01 68 20 30 20 3C 3D 3C 37 3C 30 35 30 20 38 32 30 30 30 30 30 30 2B 30 37 32 2B 30 34 31 20 30 00 01 68 20 30 20 3D 3E 3C 37 3C 30 35 30 20 39 32 30 30 30 30 30 30 2B 30 37 33 2B 30 34 32 20 30 00 
01 68 20 32 20 3E 3B 3C 37 3C 30 35 30 20 30 30 30 30 30 30 30 30 2B 30 30 30 2B 30 30 30 20 30 00 
01 68 20 32 20 3E 3B 3C 37 3C 30 35 30 20 30 30 30 30 30 30 30 30 2B 30 30 30 2B 30 30 30 20 30 00 01 68 20 32 20 3E 3B 3C 37 3C 30 35 30 20 30 30 30 30 30 30 30 30 2B 30 30 30 2B 30 30 30 20 30 00 
01 68 20 32 20 3E 3B 3C 37 3C 30 35 30 20 30 30 30 30 30 30 30 30 2B 30 30 30 2B 30 30 30 20 30 00 01 68 20 30 20 39 38 3C 37 3C 30 35 30 20 30 30 30 30 30 30 30 30 2B 30 30 31 2B 30 30 31 20 30 00 
01 68 20 30 20 39 38 3C 37 3C 30 35 30 20 30 30 30 30 30 30 30 30 2B 30 30 31 2B 30 30 31 20 30 00 01 68 20 30 20 3F 35 3C 37 3C 30 35 30 20 31 30 30 30 30 30 30 30 2B 30 30 39 2B 30 30 32 20 30 00 
01 68 20 30 20 3F 35 3C 37 3C 30 35 30 20 31 30 30 30 30 30 30 30 2B 30 30 39 2B 30 30 32 20 30 00 01 68 20 30 20 3A 33 3C 37 3C 30 35 30 20 32 30 30 30 30 30 30 30 2B 30 31 30 2B 30 30 33 20 30 00 
01 68 20 30 20 3A 33 3C 37 3C 30 35 30 20 32 30 30 30 30 30 30 30 2B 30 31 30 2B 30 30 33 20 30 00 01 68 20 30 20 3E 36 3C 37 3C 30 35 30 20 33 30 30 30 30 30 30 30 2B 30 31 30 2B 30 30 34 20 30 00 
01 68 20 30 20 3E 36 3C 37 3C 30 35 30 20 33 30 30 30 30 30 30 30 2B 30 31 30 2B 30 30 34 20 30 00 01 68 20 30 20 3B 36 3C 37 3C 30 35 30 20 34 30 30 30 30 30 30 30 2B 30 31 31 2B 30 30 35 20 30 00 
01 68 20 30 20 3B 36 3C 37 3C 30 35 30 20 34 30 30 30 30 30 30 30 2B 30 31 31 2B 30 30 35 20 30 00 01 68 20 30 20 3C 3A 3C 37 3C 30 35 30 20 35 30 30 30 30 30 30 30 2B 30 31 31 2B 30 30 36 20 30 00 
01 68 20 30 20 3C 3A 3C 37 3C 30 35 30 20 35 30 30 30 30 30 30 30 2B 30 31 31 2B 30 30 36 20 30 00 01 68 20 30 20 32 39 3C 37 3C 30 35 30 20 36 30 30 30 30 30 30 30 2B 30 31 32 2B 30 30 37 20 30 00 
01 68 20 30 20 32 39 3C 37 3C 30 35 30 20 36 30 30 30 30 30 30 30 2B 30 31 32 2B 30 30 37 20 30 00 01 68 20 30 20 3E 36 3C 37 3C 30 35 30 20 37 30 30 30 30 30 30 30 2B 30 31 32 2B 30 30 38 20 30 00 
01 68 20 30 20 3E 36 3C 37 3C 30 35 30 20 37 30 30 30 30 30 30 30 2B 30 31 32 2B 30 30 38 20 30 00 01 68 20 30 20 30 38 3C 37 3C 30 35 30 20 38 30 30 30 30 30 30 30 2B 30 31 33 2B 30 30 39 20 30 00 
01 68 20 30 20 30 38 3C 37 3C 30 35 30 20 38 30 30 30 30 30 30 30 2B 30 31 33 2B 30 30 39 20 30 00 01 68 20 30 20 3F 38 3C 37 3C 30 35 30 20 39 30 30 30 30 30 30 30 2B 30 31 33 2B 30 31 30 20 30 00 
01 68 20 30 20 3F 38 3C 37 3C 30 35 30 20 39 30 30 30 30 30 30 30 2B 30 31 33 2B 30 31 30 20 30 00 01 68 20 30 20 37 36 3C 37 3C 30 35 30 20 3A 30 30 30 30 30 30 30 2B 30 31 34 2B 30 31 31 20 30 00 
01 68 20 30 20 37 36 3C 37 3C 30 35 30 20 3A 30 30 30 30 30 30 30 2B 30 31 34 2B 30 31 31 20 30 00 01 68 20 30 20 3D 38 3C 37 3C 30 35 30 20 3B 30 30 30 30 30 30 30 2B 30 31 34 2B 30 31 32 20 30 00 
01 68 20 30 20 3D 38 3C 37 3C 30 35 30 20 3B 30 30 30 30 30 30 30 2B 30 31 34 2B 30 31 32 20 30 00 01 68 20 30 20 3F 38 3C 37 3C 30 35 30 20 3C 30 30 30 30 30 30 30 2B 30 31 35 2B 30 31 33 20 30 00 
01 68 20 30 20 3F 38 3C 37 3C 30 35 30 20 3C 30 30 30 30 30 30 30 2B 30 31 35 2B 30 31 33 20 30 00 01 68 20 30 20 3F 33 3C 37 3C 30 35 30 20 3D 30 30 30 30 30 30 30 2B 30 31 35 2B 30 31 34 20 30 00 
01 68 20 30 20 3F 33 3C 37 3C 30 35 30 20 3D 30 30 30 30 30 30 30 2B 30 31 35 2B 30 31 34 20 30 00 01 68 20 30 20 3C 34 3C 37 3C 30 35 30 20 3E 30 30 30 30 30 30 30 2B 30 31 36 2B 30 31 35 20 30 00 
01 68 20 30 20 3A 36 3C 37 3C 30 35 30 20 30 30 30 30 30 30 30 30 2B 30 30 31 2B 30 30 31 20 30 00 
01 68 20 30 20 3A 36 3C 37 3C 30 35 30 20 30 30 30 30 30 30 30 30 2B 30 30 31 2B 30 30 31 20 30 00 01 68 20 32 20 3F 35 3C 37 3C 30 35 30 20 31 30 30 30 30 30 30 30 2B 30 30 31 2B 30 30 31 20 30 00 
01 68 20 32 20 3F 35 3C 37 3C 30 35 30 20 31 30 30 30 30 30 30 30 2B 30 30 31 2B 30 30 31 20 30 00 01 68 20 30 20 3A 37 3C 37 3C 30 35 30 20 31 30 30 30 30 30 30 30 2B 30 30 32 2B 30 30 32 20 30 00 
01 68 20 30 20 3A 37 3C 37 3C 30 35 30 20 31 30 30 30 30 30 30 30 2B 30 30 32 2B 30 30 32 20 30 00 01 68 20 32 20 3A 33 3C 37 3C 30 35 30 20 32 30 30 30 30 30 30 30 2B 30 30 32 2B 30 30 32 20 30 00 
01 68 20 32 20 3A 33 3C 37 3C 30 35 30 20 32 30 30 30 30 30 30 30 2B 30 30 32 2B 30 30 32 20 30 00 01 68 20 30 20 31 38 3C 37 3C 30 35 30 20 32 30 30 30 30 30 30 30 2B 30 30 33 2B 30 30 33 20 30 00 
01 68 20 30 20 31 38 3C 37 3C 30 35 30 20 32 30 30 30 30 30 30 30 2B 30 30 33 2B 30 30 33 20 30 00 01 68 20 32 20 3E 36 3C 37 3C 30 35 30 20 33 30 30 30 30 30 30 30 2B 30 30 33 2B 30 30 33 20 30 00 
01 68 20 32 20 3E 36 3C 37 3C 30 35 30 20 33 30 30 30 30 30 30 30 2B 30 30 33 2B 30 30 33 20 30 00 01 68 20 30 20 37 38 3C 37 3C 30 35 30 20 33 30 30 30 30 30 30 30 2B 30 30 34 2B 30 30 34 20 30 00 
01 68 20 30 20 37 38 3C 37 3C 30 35 30 20 33 30 30 30 30 30 30 30 2B 30 30 34 2B 30 30 34 20 30 00 01 68 20 32 20 3B 36 3C 37 3C 30 35 30 20 34 30 30 30 30 30 30 30 2B 30 30 34 2B 30 30 34 20 30 00 
01 68 20 32 20 3B 36 3C 37 3C 30 35 30 20 34 30 30 30 30 30 30 30 2B 30 30 34 2B 30 30 34 20 30 00 01 68 20 30 20 3A 3C 3C 37 3C 30 35 30 20 34 30 30 30 30 30 30 30 2B 30 30 35 2B 30 30 35 20 30 00 
01 68 20 30 20 3A 3C 3C 37 3C 30 35 30 20 34 30 30 30 30 30 30 30 2B 30 30 35 2B 30 30 35 20 30 00 01 68 20 32 20 3C 3A 3C 37 3C 30 35 30 20 35 30 30 30 30 30 30 30 2B 30 30 35 2B 30 30 35 20 30 00 
01 68 20 32 20 3C 3A 3C 37 3C 30 35 30 20 35 30 30 30 30 30 30 30 2B 30 30 35 2B 30 30 35 20 30 00 01 68 20 30 20 3B 3A 3C 37 3C 30 35 30 20 35 30 30 30 30 30 30 30 2B 30 30 36 2B 30 30 36 20 30 00 
01 68 20 30 20 3B 3A 3C 37 3C 30 35 30 20 35 30 30 30 30 30 30 30 2B 30 30 36 2B 30 30 36 20 30 00 01 68 20 32 20 32 39 3C 37 3C 30 35 30 20 36 30 30 30 30 30 30 30 2B 30 30 36 2B 30 30 36 20 30 00 
01 68 20 32 20 32 39 3C 37 3C 30 35 30 20 36 30 30 30 30 30 30 30 2B 30 30 36 2B 30 30 36 20 30 00 01 68 20 30 20 35 39 3C 37 3C 30 35 30 20 36 30 30 30 30 30 30 30 2B 30 30 37 2B 30 30 37 20 30 00 
01 68 20 30 20 35 39 3C 37 3C 30 35 30 20 36 30 30 30 30 30 30 30 2B 30 30 37 2B 30 30 37 20 30 00 01 68 20 32 20 3E 36 3C 37 3C 30 35 30 20 37 30 30 30 30 30 30 30 2B 30 30 37 2B 30 30 37 20 30 00 
01 68 20 32 20 3E 36 3C 37 3C 30 35 30 20 37 30 30 30 30 30 30 30 2B 30 30 37 2B 30 30 37 20 30 00 01 68 20 30 20 33 31 3C 37 3C 30 35 30 20 37 30 30 30 30 30 30 30 2B 30 30 38 2B 30 30 38 20 30 00 
01 68 20 30 20 33 31 3C 37 3C 30 35 30 20 37 30 30 30 30 30 30 30 2B 30 30 38 2B 30 30 38 20 30 00 01 68 20 32 20 30 38 3C 37 3C 30 35 30 20 38 30 30 30 30 30 30 30 2B 30 30 38 2B 30 30 38 20 30 00 
01 68 20 32 20 30 38 3C 37 3C 30 35 30 20 38 30 30 30 30 30 30 30 2B 30 30 38 2B 30 30 38 20 30 00 01 68 20 30 20 3B 36 3C 37 3C 30 35 30 20 38 30 30 30 30 30 30 30 2B 30 30 39 2B 30 30 39 20 30 00 
01 68 20 30 20 3B 36 3C 37 3C 30 35 30 20 38 30 30 30 30 30 30 30 2B 30 30 39 2B 30 30 39 20 30 00 01 68 20 32 20 3F 38 3C 37 3C 30 35 30 20 39 30 30 30 30 30 30 30 2B 30 30 39 2B 30 30 39 20 30 00 
01 68 20 32 20 3F 38 3C 37 3C 30 35 30 20 39 30 30 30 30 30 30 30 2B 30 30 39 2B 30 30 39 20 30 00 01 68 20 30 20 3E 3B 3C 37 3C 30 35 30 20 39 30 30 30 30 30 30 30 2B 30 31 30 2B 30 31 30 20 30 00 
01 68 20 30 20 3E 3B 3C 37 3C 30 35 30 20 39 30 30 30 30 30 30 30 2B 30 31 30 2B 30 31 30 20 30 00 01 68 20 32 20 37 36 3C 37 3C 30 35 30 20 3A 30 30 30 30 30 30 30 2B 30 31 30 2B 30 31 30 20 30 00 
01 68 20 32 20 37 36 3C 37 3C 30 35 30 20 3A 30 30 30 30 30 30 30 2B 30 31 30 2B 30 31 30 20 30 00 01 68 20 30 20 31 37 3C 37 3C 30 35 30 20 3A 30 30 30 30 30 30 30 2B 30 31 31 2B 30 31 31 20 30 00 
01 68 20 30 20 31 37 3C 37 3C 30 35 30 20 3A 30 30 30 30 30 30 30 2B 30 31 31 2B 30 31 31 20 30 00 01 68 20 32 20 3D 38 3C 37 3C 30 35 30 20 3B 30 30 30 30 30 30 30 2B 30 31 31 2B 30 31 31 20 30 00 
01 68 20 32 20 3D 38 3C 37 3C 30 35 30 20 3B 30 30 30 30 30 30 30 2B 30 31 31 2B 30 31 31 20 30 00 01 68 20 30 20 39 38 3C 37 3C 30 35 30 20 3B 30 30 30 30 30 30 30 2B 30 31 32 2B 30 31 32 20 30 00 
01 68 20 30 20 39 38 3C 37 3C 30 35 30 20 3B 30 30 30 30 30 30 30 2B 30 31 32 2B 30 31 32 20 30 00 01 68 20 32 20 3F 38 3C 37 3C 30 35 30 20 3C 30 30 30 30 30 30 30 2B 30 31 32 2B 30 31 32 20 30 00 
01 68 20 32 20 3F 38 3C 37 3C 30 35 30 20 3C 30 30 30 30 30 30 30 2B 30 31 32 2B 30 31 32 20 30 00 01 68 20 30 20 34 36 3C 37 3C 30 35 30 20 3C 30 30 30 30 30 30 30 2B 30 31 33 2B 30 31 33 20 30 00 
01 68 20 30 20 34 36 3C 37 3C 30 35 30 20 3C 30 30 30 30 30 30 30 2B 30 31 33 2B 30 31 33 20 30 00 01 68 20 32 20 3F 33 3C 37 3C 30 35 30 20 3D 30 30 30 30 30 30 30 2B 30 31 33 2B 30 31 33 20 30 00 
01 68 20 32 20 3F 33 3C 37 3C 30 35 30 20 3D 30 30 30 30 30 30 30 2B 30 31 33 2B 30 31 33 20 30 00 01 68 20 30 20 3D 36 3C 37 3C 30 35 30 20 3D 30 30 30 30 30 30 30 2B 30 31 34 2B 30 31 34 20 30 00 
01 68 20 30 20 3D 36 3C 37 3C 30 35 30 20 3D 30 30 30 30 30 30 30 2B 30 31 34 2B 30 31 34 20 30 00 01 68 20 32 20 3C 34 3C 37 3C 30 35 30 20 3E 30 30 30 30 30 30 30 2B 30 31 34 2B 30 31 34 20 30 00 
01 68 20 32 20 3C 34 3C 37 3C 30 35 30 20 3E 30 30 30 30 30 30 30 2B 30 31 34 2B 30 31 34 20 30 00 01 68 20 30 20 38 39 3C 37 3C 30 35 30 20 3E 30 30 30 30 30 30 30 2B 30 31 35 2B 30 31 35 20 30 00 
01 68 20 30 20 38 39 3C 37 3C 30 35 30 20 3E 30 30 30 30 30 30 30 2B 30 31 35 2B 30 31 35 20 30 00 01 68 20 32 20 3A 32 3C 37 3C 30 35 30 20 3F 30 30 30 30 30 30 30 2B 30 31 35 2B 30 31 35 20 30 00 
01 68 20 32 20 3A 32 3C 37 3C 30 35 30 20 3F 30 30 30 30 30 30 30 2B 30 31 35 2B 30 31 35 20 30 00 01 68 20 30 20 31 35 3C 37 3C 30 35 30 20 3F 30 30 30 30 30 30 30 2B 30 31 36 2B 30 31 36 20 30 00 
01 68 20 30 20 31 35 3C 37 3C 30 35 30 20 3F 30 30 30 30 30 30 30 2B 30 31 36 2B 30 31 36 20 30 00 01 68 20 30 20 30 38 3C 37 3C 30 35 30 20 30 31 30 30 30 30 30 30 2B 30 31 37 2B 30 31 37 20 30 00 
01 68 20 30 20 30 38 3C 37 3C 30 35 30 20 30 31 30 30 30 30 30 30 2B 30 31 37 2B 30 31 37 20 30 00 01 68 20 32 20 36 38 3C 37 3C 30 35 30 20 31 31 30 30 30 30 30 30 2B 30 31 37 2B 30 31 37 20 30 00 
01 68 20 32 20 35 36 3C 37 3C 30 35 30 20 30 30 30 30 30 30 30 30 2B 30 30 30 2B 30 30 30 20 30 00 
01 68 20 32 20 35 36 3C 37 3C 30 35 30 20 30 30 30 30 30 30 30 30 2B 30 30 30 2B 30 30 30 20 30 00 01 68 20 30 20 33 35 3C 37 3C 30 35 30 20 30 30 30 30 30 30 30 30 2B 30 30 31 2B 30 30 31 20 30 00 
01 68 20 30 20 33 35 3C 37 3C 30 35 30 20 30 30 30 30 30 30 30 30 2B 30 30 31 2B 30 30 31 20 30 00 01 68 20 32 20 35 36 3C 37 3C 30 35 30 20 31 30 30 30 30 30 30 30 2B 30 30 31 2B 30 30 31 20 30 00 
01 68 20 32 20 35 36 3C 37 3C 30 35 30 20 31 30 30 30 30 30 30 30 2B 30 30 31 2B 30 30 31 20 30 00 01 68 20 30 20 38 3B 3C 37 3C 30 35 30 20 31 30 30 30 30 30 30 30 2B 30 30 32 2B 30 30 32 20 30 00 
01 68 20 30 20 38 3B 3C 37 3C 30 35 30 20 31 30 30 30 30 30 30 30 2B 30 30 32 2B 30 30 32 20 30 00 01 68 20 32 20 33 35 3C 37 3C 30 35 30 20 32 30 30 30 30 30 30 30 2B 30 30 32 2B 30 30 32 20 30 00 
01 68 20 32 20 33 35 3C 37 3C 30 35 30 20 32 30 30 30 30 30 30 30 2B 30 30 32 2B 30 30 32 20 30 00 01 68 20 30 20 31 39 3C 37 3C 30 35 30 20 32 30 30 30 30 30 30 30 2B 30 30 33 2B 30 30 33 20 30 00 
01 68 20 30 20 31 39 3C 37 3C 30 35 30 20 32 30 30 30 30 30 30 30 2B 30 30 33 2B 30 30 33 20 30 00 01 68 20 32 20 3E 34 3C 37 3C 30 35 30 20 33 30 30 30 30 30 30 30 2B 30 30 33 2B 30 30 33 20 30 00 
01 68 20 32 20 3E 34 3C 37 3C 30 35 30 20 33 30 30 30 30 30 30 30 2B 30 30 33 2B 30 30 33 20 30 00 01 68 20 30 20 3B 34 3C 37 3C 30 35 30 20 33 30 30 30 30 30 30 30 2B 30 30 34 2B 30 30 34 20 30 00 
01 68 20 30 20 3B 34 3C 37 3C 30 35 30 20 33 30 30 30 30 30 30 30 2B 30 30 34 2B 30 30 34 20 30 00 01 68 20 32 20 3E 38 3C 37 3C 30 35 30 20 34 30 30 30 30 30 30 30 2B 30 30 34 2B 30 30 34 20 30 00 
01 68 20 32 20 3E 38 3C 37 3C 30 35 30 20 34 30 30 30 30 30 30 30 2B 30 30 34 2B 30 30 34 20 30 00 01 68 20 30 20 3A 37 3C 37 3C 30 35 30 20 34 30 30 30 30 30 30 30 2B 30 30 35 2B 30 30 35 20 30 00 
01 68 20 30 20 3A 37 3C 37 3C 30 35 30 20 34 30 30 30 30 30 30 30 2B 30 30 35 2B 30 30 35 20 30 00 01 68 20 32 20 3F 3A 3C 37 3C 30 35 30 20 35 30 30 30 30 30 30 30 2B 30 30 35 2B 30 30 35 20 30 00 
01 68 20 32 20 3F 3A 3C 37 3C 30 35 30 20 35 30 30 30 30 30 30 30 2B 30 30 35 2B 30 30 35 20 30 00 01 68 20 30 20 3F 38 3C 37 3C 30 35 30 20 35 30 30 30 30 30 30 30 2B 30 30 36 2B 30 30 36 20 30 00 
01 68 20 30 20 3F 38 3C 37 3C 30 35 30 20 35 30 30 30 30 30 30 30 2B 30 30 36 2B 30 30 36 20 30 00 01 68 20 32 20 39 32 3C 37 3C 30 35 30 20 36 30 30 30 30 30 30 30 2B 30 30 36 2B 30 30 36 20 30 00 
01 68 20 32 20 39 32 3C 37 3C 30 35 30 20 36 30 30 30 30 30 30 30 2B 30 30 36 2B 30 30 36 20 30 00 01 68 20 30 20 30 38 3C 37 3C 30 35 30 20 36 30 30 30 30 30 30 30 2B 30 30 37 2B 30 30 37 20 30 00 
01 68 20 30 20 30 38 3C 37 3C 30 35 30 20 36 30 30 30 30 30 30 30 2B 30 30 37 2B 30 30 37 20 30 00 01 68 20 30 20 3F 35 3C 37 3C 30 35 30 20 37 30 30 30 30 30 30 30 2B 30 30 38 2B 30 30 38 20 30 00 
01 68 20 30 20 3F 35 3C 37 3C 30 35 30 20 37 30 30 30 30 30 30 30 2B 30 30 38 2B 30 30 38 20 30 00 01 68 20 32 20 38 3A 3C 37 3C 30 35 30 20 38 30 30 30 30 30 30 30 2B 30 30 38 2B 30 30 38 20 30 00 
01 68 20 32 20 38 3A 3C 37 3C 30 35 30 20 38 30 30 30 30 30 30 30 2B 30 30 38 2B 30 30 38 20 30 00 01 68 20 30 20 35 36 3C 37 3C 30 35 30 20 38 30 30 30 30 30 30 30 2B 30 30 39 2B 30 30 39 20 30 00 
01 68 20 30 20 35 36 3C 37 3C 30 35 30 20 38 30 30 30 30 30 30 30 2B 30 30 39 2B 30 30 39 20 30 00 01 68 20 32 20 3E 36 3C 37 3C 30 35 30 20 39 30 30 30 30 30 30 30 2B 30 30 39 2B 30 30 39 20 30 00 
01 68 20 32 20 3E 36 3C 37 3C 30 35 30 20 39 30 30 30 30 30 30 30 2B 30 30 39 2B 30 30 39 20 30 00 01 68 20 30 20 30 35 3C 37 3C 30 35 30 20 39 30 30 30 30 30 30 30 2B 30 31 30 2B 30 31 30 20 30 00 
01 68 20 30 20 30 35 3C 37 3C 30 35 30 20 39 30 30 30 30 30 30 30 2B 30 31 30 2B 30 31 30 20 30 00 01 68 20 32 20 3C 37 3C 37 3C 30 35 30 20 3A 30 30 30 30 30 30 30 2B 30 31 30 2B 30 31 30 20 30 00 
01 68 20 32 20 3C 37 3C 37 3C 30 35 30 20 3A 30 30 30 30 30 30 30 2B 30 31 30 2B 30 31 30 20 30 00 01 68 20 30 20 3E 36 3C 37 3C 30 35 30 20 3A 30 30 30 30 30 30 30 2B 30 31 31 2B 30 31 31 20 30 00 
01 68 20 30 20 3E 36 3C 37 3C 30 35 30 20 3A 30 30 30 30 30 30 30 2B 30 31 31 2B 30 31 31 20 30 00 01 68 20 32 20 33 38 3C 37 3C 30 35 30 20 3B 30 30 30 30 30 30 30 2B 30 31 31 2B 30 31 31 20 30 00 
01 68 20 32 20 33 38 3C 37 3C 30 35 30 20 3B 30 30 30 30 30 30 30 2B 30 31 31 2B 30 31 31 20 30 00 01 68 20 30 20 3F 36 3C 37 3C 30 35 30 20 3B 30 30 30 30 30 30 30 2B 30 31 32 2B 30 31 32 20 30 00 
01 68 20 30 20 3F 36 3C 37 3C 30 35 30 20 3B 30 30 30 30 30 30 30 2B 30 31 32 2B 30 31 32 20 30 00 01 68 20 32 20 31 35 3C 37 3C 30 35 30 20 3C 30 30 30 30 30 30 30 2B 30 31 32 2B 30 31 32 20 30 00 
01 68 20 32 20 31 35 3C 37 3C 30 35 30 20 3C 30 30 30 30 30 30 30 2B 30 31 32 2B 30 31 32 20 30 00 01 68 20 30 20 33 37 3C 37 3C 30 35 30 20 3C 30 30 30 30 30 30 30 2B 30 31 33 2B 30 31 33 20 30 00 
01 68 20 30 20 33 37 3C 37 3C 30 35 30 20 3C 30 30 30 30 30 30 30 2B 30 31 33 2B 30 31 33 20 30 00 01 68 20 32 20 36 37 3C 37 3C 30 35 30 20 3D 30 30 30 30 30 30 30 2B 30 31 33 2B 30 31 33 20 30 00 
01 68 20 32 20 36 37 3C 37 3C 30 35 30 20 3D 30 30 30 30 30 30 30 2B 30 31 33 2B 30 31 33 20 30 00 01 68 20 30 20 39 35 3C 37 3C 30 35 30 20 3D 30 30 30 30 30 30 30 2B 30 31 34 2B 30 31 34 20 30 00 
01 68 20 30 20 39 35 3C 37 3C 30 35 30 20 3D 30 30 30 30 30 30 30 2B 30 31 34 2B 30 31 34 20 30 00 01 68 20 32 20 34 37 3C 37 3C 30 35 30 20 3E 30 30 30 30 30 30 30 2B 30 31 34 2B 30 31 34 20 30 00 
01 68 20 32 20 34 37 3C 37 3C 30 35 30 20 3E 30 30 30 30 30 30 30 2B 30 31 34 2B 30 31 34 20 30 00 01 68 20 30 20 31 37 3C 37 3C 30 35 30 20 3E 30 30 30 30 30 30 30 2B 30 31 35 2B 30 31 35 20 30 00 
01 68 20 30 20 31 37 3C 37 3C 30 35 30 20 3E 30 30 30 30 30 30 30 2B 30 31 35 2B 30 31 35 20 30 00 01 68 20 32 20 3A 37 3C 37 3C 30 35 30 20 3F 30 30 30 30 30 30 30 2B 30 31 35 2B 30 31 35 20 30 00 
01 68 20 32 20 3A 37 3C 37 3C 30 35 30 20 3F 30 30 30 30 30 30 30 2B 30 31 35 2B 30 31 35 20 30 00 01 68 20 30 20 36 38 3C 37 3C 30 35 30 20 3F 30 30 30 30 30 30 30 2B 30 31 36 2B 30 31 36 20 30 00 
01 68 20 30 20 36 38 3C 37 3C 30 35 30 20 3F 30 30 30 30 30 30 30 2B 30 31 36 2B 30 31 36 20 30 00 01 68 20 32 20 3B 36 3C 37 3C 30 35 30 20 30 31 30 30 30 30 30 30 2B 30 31 36 2B 30 31 36 20 30 00 
01 68 20 32 20 3B 36 3C 37 3C 30 35 30 20 30 31 30 30 30 30 30 30 2B 30 31 36 2B 30 31 36 20 30 00 01 68 20 30 20 33 36 3C 37 3C 30 35 30 20 30 31 30 30 30 30 30 30 2B 30 31 37 2B 30 31 37 20 30 00 
01 68 20 30 20 33 36 3C 37 3C 30 35 30 20 30 31 30 30 30 30 30 30 2B 30 31 37 2B 30 31 37 20 30 00 01 68 20 32 20 3F 34 3C 37 3C 30 35 30 20 31 31 30 30 30 30 30 30 2B 30 31 37 2B 30 31 37 20 30 00 
01 68 20 32 20 3F 34 3C 37 3C 30 35 30 20 31 31 30 30 30 30 30 30 2B 30 31 37 2B 30 31 37 20 30 00 01 68 20 30 20 3D 3A 3C 37 3C 30 35 30 20 31 31 30 30 30 30 30 30 2B 30 31 38 2B 30 31 38 20 30 00 
01 68 20 30 20 3D 3A 3C 37 3C 30 35 30 20 31 31 30 30 30 30 30 30 2B 30 31 38 2B 30 31 38 20 30 00 01 68 20 32 20 38 35 3C 37 3C 30 35 30 20 32 31 30 30 30 30 30 30 2B 30 31 38 2B 30 31 38 20 30 00 
01 68 20 32 20 38 35 3C 37 3C 30 35 30 20 32 31 30 30 30 30 30 30 2B 30 31 38 2B 30 31 38 20 30 00 01 68 20 30 20 32 39 3C 37 3C 30 35 30 20 32 31 30 30 30 30 30 30 2B 30 31 39 2B 30 31 39 20 30 00 
01 68 20 30 20 32 39 3C 37 3C 30 35 30 20 32 31 30 30 30 30 30 30 2B 30 31 39 2B 30 31 39 20 30 00 01 68 20 32 20 32 36 3C 37 3C 30 35 30 20 33 31 30 30 30 30 30 30 2B 30 31 39 2B 30 31 39 20 30 00 
01 68 20 32 20 32 36 3C 37 3C 30 35 30 20 33 31 30 30 30 30 30 30 2B 30 31 39 2B 30 31 39 20 30 00 01 68 20 30 20 35 36 3C 37 3C 30 35 30 20 33 31 30 30 30 30 30 30 2B 30 32 30 2B 30 32 30 20 30 00 
01 68 20 30 20 35 36 3C 37 3C 30 35 30 20 33 31 30 30 30 30 30 30 2B 30 32 30 2B 30 32 30 20 30 00 01 68 20 32 20 32 35 3C 37 3C 30 35 30 20 34 31 30 30 30 30 30 30 2B 30 32 30 2B 30 32 30 20 30 00 
