Время:        04.09.2019 14:24:47
message1:     68 20 32 20 3A 3D 3C 37 3C 30 35 30 20 30 30 30 30 30 30 30 30 2B 30 30 30 2B 30 30 30 20 30 00
message2:     68 20 31 20 3E 3B 3C 37 3C 30 35 30 20 30 30 30 30 30 30 30 30 2B 30 30 31 2B 30 30 31 20 30 00
n1,2:         0 0
Phase1,2:     818366-818394=-28
a1,b1:         0 0
a2,b2:         1 1
 
Время:        04.09.2019 14:24:59
message1:     68 20 31 20 3E 3B 3C 37 3C 30 35 30 20 30 30 30 30 30 30 30 30 2B 30 30 31 2B 30 30 31 20 30 00
message2:     68 20 30 20 3F 3A 3C 37 3C 30 35 30 20 31 30 30 30 30 30 30 30 2B 30 31 32 2B 30 30 32 20 30 00
n1,2:         0 1
Phase1,2:     818351-818366=-15
a1,b1:         1 1
a2,b2:         12 2
 
Время:        04.09.2019 14:25:37
message1:     68 20 30 20 3F 3A 3C 37 3C 30 35 30 20 31 30 30 30 30 30 30 30 2B 30 31 32 2B 30 30 32 20 30 00
message2:     68 20 30 20 3B 3C 3C 37 3C 30 35 30 20 32 30 30 30 30 30 30 30 2B 30 35 31 2B 30 30 33 20 30 00
n1,2:         1 2
Phase1,2:     818379-818351=28
a1,b1:         12 2
a2,b2:         51 3
 
Время:        04.09.2019 14:25:40
message1:     68 20 30 20 3B 3C 3C 37 3C 30 35 30 20 32 30 30 30 30 30 30 30 2B 30 35 31 2B 30 30 33 20 30 00
message2:     68 20 30 20 3E 3D 3C 37 3C 30 35 30 20 33 30 30 30 30 30 30 30 2B 30 35 34 2B 30 30 34 20 30 00
n1,2:         2 3
Phase1,2:     818398-818379=19
a1,b1:         51 3
a2,b2:         54 4
 
Время:        04.09.2019 14:25:40
message1:     68 20 30 20 3E 3D 3C 37 3C 30 35 30 20 33 30 30 30 30 30 30 30 2B 30 35 34 2B 30 30 34 20 30 00
message2:     68 20 30 20 3C 3A 3C 37 3C 30 35 30 20 34 30 30 30 30 30 30 30 2B 30 35 34 2B 30 30 35 20 30 00
n1,2:         3 4
Phase1,2:     818348-818398=-50
a1,b1:         54 4
a2,b2:         54 5
 
Время:        04.09.2019 14:25:41
message1:     68 20 30 20 3C 3A 3C 37 3C 30 35 30 20 34 30 30 30 30 30 30 30 2B 30 35 34 2B 30 30 35 20 30 00
message2:     68 20 30 20 34 35 3C 37 3C 30 35 30 20 35 30 30 30 30 30 30 30 2B 30 35 35 2B 30 30 36 20 30 00
n1,2:         4 5
Phase1,2:     818260-818348=-88
a1,b1:         54 5
a2,b2:         55 6
 
Время:        04.09.2019 14:25:41
message1:     68 20 30 20 34 35 3C 37 3C 30 35 30 20 35 30 30 30 30 30 30 30 2B 30 35 35 2B 30 30 36 20 30 00
message2:     68 20 30 20 3B 3A 3C 37 3C 30 35 30 20 36 30 30 30 30 30 30 30 2B 30 35 35 2B 30 30 37 20 30 00
n1,2:         5 6
Phase1,2:     818347-818260=87
a1,b1:         55 6
a2,b2:         55 7
 
Время:        04.09.2019 14:25:42
message1:     68 20 30 20 3B 3A 3C 37 3C 30 35 30 20 36 30 30 30 30 30 30 30 2B 30 35 35 2B 30 30 37 20 30 00
message2:     68 20 30 20 33 3B 3C 37 3C 30 35 30 20 37 30 30 30 30 30 30 30 2B 30 35 36 2B 30 30 38 20 30 00
n1,2:         6 7
Phase1,2:     818355-818347=8
a1,b1:         55 7
a2,b2:         56 8
 
Время:        04.09.2019 14:25:42
message1:     68 20 30 20 33 3B 3C 37 3C 30 35 30 20 37 30 30 30 30 30 30 30 2B 30 35 36 2B 30 30 38 20 30 00
message2:     68 20 30 20 30 3E 3C 37 3C 30 35 30 20 38 30 30 30 30 30 30 30 2B 30 35 36 2B 30 30 39 20 30 00
n1,2:         7 8
Phase1,2:     818400-818355=45
a1,b1:         56 8
a2,b2:         56 9
 
Время:        04.09.2019 14:25:43
message1:     68 20 30 20 30 3E 3C 37 3C 30 35 30 20 38 30 30 30 30 30 30 30 2B 30 35 36 2B 30 30 39 20 30 00
message2:     68 20 30 20 33 35 3C 37 3C 30 35 30 20 39 30 30 30 30 30 30 30 2B 30 35 37 2B 30 31 30 20 30 00
n1,2:         8 9
Phase1,2:     818259-818400=-141
a1,b1:         56 9
a2,b2:         57 10
 
Время:        04.09.2019 14:25:43
message1:     68 20 30 20 33 35 3C 37 3C 30 35 30 20 39 30 30 30 30 30 30 30 2B 30 35 37 2B 30 31 30 20 30 00
message2:     68 20 30 20 3B 3B 3C 37 3C 30 35 30 20 3A 30 30 30 30 30 30 30 2B 30 35 37 2B 30 31 31 20 30 00
n1,2:         9 10
Phase1,2:     818363-818259=104
a1,b1:         57 10
a2,b2:         57 11
 
Время:        04.09.2019 14:25:44
message1:     68 20 30 20 3B 3B 3C 37 3C 30 35 30 20 3A 30 30 30 30 30 30 30 2B 30 35 37 2B 30 31 31 20 30 00
message2:     68 20 30 20 30 39 3C 37 3C 30 35 30 20 3B 30 30 30 30 30 30 30 2B 30 35 38 2B 30 31 32 20 30 00
n1,2:         10 11
Phase1,2:     818320-818363=-43
a1,b1:         57 11
a2,b2:         58 12
 
Время:        04.09.2019 14:25:44
message1:     68 20 30 20 30 39 3C 37 3C 30 35 30 20 3B 30 30 30 30 30 30 30 2B 30 35 38 2B 30 31 32 20 30 00
message2:     68 20 30 20 36 3B 3C 37 3C 30 35 30 20 3C 30 30 30 30 30 30 30 2B 30 35 38 2B 30 31 33 20 30 00
n1,2:         11 12
Phase1,2:     818358-818320=38
a1,b1:         58 12
a2,b2:         58 13
 
Время:        04.09.2019 14:25:45
message1:     68 20 30 20 36 3B 3C 37 3C 30 35 30 20 3C 30 30 30 30 30 30 30 2B 30 35 38 2B 30 31 33 20 30 00
message2:     68 20 30 20 34 3E 3C 37 3C 30 35 30 20 3D 30 30 30 30 30 30 30 2B 30 35 39 2B 30 31 34 20 30 00
n1,2:         12 13
Phase1,2:     818404-818358=46
a1,b1:         58 13
a2,b2:         59 14
 
Время:        04.09.2019 14:25:45
message1:     68 20 30 20 34 3E 3C 37 3C 30 35 30 20 3D 30 30 30 30 30 30 30 2B 30 35 39 2B 30 31 34 20 30 00
message2:     68 20 30 20 37 3D 3C 37 3C 30 35 30 20 3E 30 30 30 30 30 30 30 2B 30 35 39 2B 30 31 35 20 30 00
n1,2:         13 14
Phase1,2:     818391-818404=-13
a1,b1:         59 14
a2,b2:         59 15
 
Время:        04.09.2019 14:25:46
message1:     68 20 30 20 37 3D 3C 37 3C 30 35 30 20 3E 30 30 30 30 30 30 30 2B 30 35 39 2B 30 31 35 20 30 00
message2:     68 20 30 20 3B 38 3C 37 3C 30 35 30 20 3F 30 30 30 30 30 30 30 2B 30 36 30 2B 30 31 36 20 30 00
n1,2:         14 15
Phase1,2:     818315-818391=-76
a1,b1:         59 15
a2,b2:         60 16
 
Время:        04.09.2019 14:25:46
message1:     68 20 30 20 3B 38 3C 37 3C 30 35 30 20 3F 30 30 30 30 30 30 30 2B 30 36 30 2B 30 31 36 20 30 00
message2:     68 20 30 20 32 39 3C 37 3C 30 35 30 20 30 31 30 30 30 30 30 30 2B 30 36 30 2B 30 31 37 20 30 00
n1,2:         15 16
Phase1,2:     818322-818315=7
a1,b1:         60 16
a2,b2:         60 17
 
Время:        04.09.2019 14:25:47
message1:     68 20 30 20 32 39 3C 37 3C 30 35 30 20 30 31 30 30 30 30 30 30 2B 30 36 30 2B 30 31 37 20 30 00
message2:     68 20 30 20 37 36 3C 37 3C 30 35 30 20 31 31 30 30 30 30 30 30 2B 30 36 31 2B 30 31 38 20 30 00
n1,2:         16 17
Phase1,2:     818279-818322=-43
a1,b1:         60 17
a2,b2:         61 18
 
Время:        04.09.2019 14:25:47
message1:     68 20 30 20 37 36 3C 37 3C 30 35 30 20 31 31 30 30 30 30 30 30 2B 30 36 31 2B 30 31 38 20 30 00
message2:     68 20 30 20 3F 3C 3C 37 3C 30 35 30 20 32 31 30 30 30 30 30 30 2B 30 36 31 2B 30 31 39 20 30 00
n1,2:         17 18
Phase1,2:     818383-818279=104
a1,b1:         61 18
a2,b2:         61 19
 
Время:        04.09.2019 14:25:48
message1:     68 20 30 20 3F 3C 3C 37 3C 30 35 30 20 32 31 30 30 30 30 30 30 2B 30 36 31 2B 30 31 39 20 30 00
message2:     68 20 30 20 37 3A 3C 37 3C 30 35 30 20 33 31 30 30 30 30 30 30 2B 30 36 32 2B 30 32 30 20 30 00
n1,2:         18 19
Phase1,2:     818343-818383=-40
a1,b1:         61 19
a2,b2:         62 20
 
Время:        04.09.2019 14:25:48
message1:     68 20 30 20 37 3A 3C 37 3C 30 35 30 20 33 31 30 30 30 30 30 30 2B 30 36 32 2B 30 32 30 20 30 00
message2:     68 20 30 20 35 38 3C 37 3C 30 35 30 20 34 31 30 30 30 30 30 30 2B 30 36 32 2B 30 32 31 20 30 00
n1,2:         19 20
Phase1,2:     818309-818343=-34
a1,b1:         62 20
a2,b2:         62 21
 
Время:        04.09.2019 14:25:49
message1:     68 20 30 20 35 38 3C 37 3C 30 35 30 20 34 31 30 30 30 30 30 30 2B 30 36 32 2B 30 32 31 20 30 00
message2:     68 20 30 20 35 3B 3C 37 3C 30 35 30 20 35 31 30 30 30 30 30 30 2B 30 36 33 2B 30 32 32 20 30 00
n1,2:         20 21
Phase1,2:     818357-818309=48
a1,b1:         62 21
a2,b2:         63 22
 
Время:        04.09.2019 14:25:49
message1:     68 20 30 20 35 3B 3C 37 3C 30 35 30 20 35 31 30 30 30 30 30 30 2B 30 36 33 2B 30 32 32 20 30 00
message2:     68 20 30 20 3A 38 3C 37 3C 30 35 30 20 36 31 30 30 30 30 30 30 2B 30 36 33 2B 30 32 33 20 30 00
n1,2:         21 22
Phase1,2:     818314-818357=-43
a1,b1:         63 22
a2,b2:         63 23
 
Время:        04.09.2019 14:25:50
message1:     68 20 30 20 3A 38 3C 37 3C 30 35 30 20 36 31 30 30 30 30 30 30 2B 30 36 33 2B 30 32 33 20 30 00
message2:     68 20 30 20 31 3A 3C 37 3C 30 35 30 20 37 31 30 30 30 30 30 30 2B 30 36 34 2B 30 32 34 20 30 00
n1,2:         22 23
Phase1,2:     818337-818314=23
a1,b1:         63 23
a2,b2:         64 24
 
Время:        04.09.2019 14:25:50
message1:     68 20 30 20 31 3A 3C 37 3C 30 35 30 20 37 31 30 30 30 30 30 30 2B 30 36 34 2B 30 32 34 20 30 00
message2:     68 20 30 20 37 36 3C 37 3C 30 35 30 20 38 31 30 30 30 30 30 30 2B 30 36 34 2B 30 32 35 20 30 00
n1,2:         23 24
Phase1,2:     818279-818337=-58
a1,b1:         64 24
a2,b2:         64 25
 
Время:        04.09.2019 14:25:51
message1:     68 20 30 20 37 36 3C 37 3C 30 35 30 20 38 31 30 30 30 30 30 30 2B 30 36 34 2B 30 32 35 20 30 00
message2:     68 20 30 20 33 3B 3C 37 3C 30 35 30 20 39 31 30 30 30 30 30 30 2B 30 36 35 2B 30 32 36 20 30 00
n1,2:         24 25
Phase1,2:     818355-818279=76
a1,b1:         64 25
a2,b2:         65 26
 
Время:        04.09.2019 14:25:51
message1:     68 20 30 20 33 3B 3C 37 3C 30 35 30 20 39 31 30 30 30 30 30 30 2B 30 36 35 2B 30 32 36 20 30 00
message2:     68 20 30 20 30 37 3C 37 3C 30 35 30 20 3A 31 30 30 30 30 30 30 2B 30 36 35 2B 30 32 37 20 30 00
n1,2:         25 26
Phase1,2:     818288-818355=-67
a1,b1:         65 26
a2,b2:         65 27
 
Время:        04.09.2019 14:25:52
message1:     68 20 30 20 30 37 3C 37 3C 30 35 30 20 3A 31 30 30 30 30 30 30 2B 30 36 35 2B 30 32 37 20 30 00
message2:     68 20 30 20 3B 39 3C 37 3C 30 35 30 20 3B 31 30 30 30 30 30 30 2B 30 36 36 2B 30 32 38 20 30 00
n1,2:         26 27
Phase1,2:     818331-818288=43
a1,b1:         65 27
a2,b2:         66 28
 
Время:        04.09.2019 14:25:52
message1:     68 20 30 20 3B 39 3C 37 3C 30 35 30 20 3B 31 30 30 30 30 30 30 2B 30 36 36 2B 30 32 38 20 30 00
message2:     68 20 30 20 3A 35 3C 37 3C 30 35 30 20 3C 31 30 30 30 30 30 30 2B 30 36 36 2B 30 32 39 20 30 00
n1,2:         27 28
Phase1,2:     818266-818331=-65
a1,b1:         66 28
a2,b2:         66 29
 
Время:        04.09.2019 14:25:53
message1:     68 20 30 20 3A 35 3C 37 3C 30 35 30 20 3C 31 30 30 30 30 30 30 2B 30 36 36 2B 30 32 39 20 30 00
message2:     68 20 30 20 38 3A 3C 37 3C 30 35 30 20 3D 31 30 30 30 30 30 30 2B 30 36 37 2B 30 33 30 20 30 00
n1,2:         28 29
Phase1,2:     818344-818266=78
a1,b1:         66 29
a2,b2:         67 30
 
Время:        04.09.2019 14:25:53
message1:     68 20 30 20 38 3A 3C 37 3C 30 35 30 20 3D 31 30 30 30 30 30 30 2B 30 36 37 2B 30 33 30 20 30 00
message2:     68 20 30 20 38 38 3C 37 3C 30 35 30 20 3E 31 30 30 30 30 30 30 2B 30 36 37 2B 30 33 31 20 30 00
n1,2:         29 30
Phase1,2:     818312-818344=-32
a1,b1:         67 30
a2,b2:         67 31
 
Время:        04.09.2019 14:25:54
message1:     68 20 30 20 38 38 3C 37 3C 30 35 30 20 3E 31 30 30 30 30 30 30 2B 30 36 37 2B 30 33 31 20 30 00
message2:     68 20 30 20 32 3D 3C 37 3C 30 35 30 20 3F 31 30 30 30 30 30 30 2B 30 36 38 2B 30 33 32 20 30 00
n1,2:         30 31
Phase1,2:     818386-818312=74
a1,b1:         67 31
a2,b2:         68 32
 
Время:        04.09.2019 14:25:54
message1:     68 20 30 20 32 3D 3C 37 3C 30 35 30 20 3F 31 30 30 30 30 30 30 2B 30 36 38 2B 30 33 32 20 30 00
message2:     68 20 30 20 3C 3C 3C 37 3C 30 35 30 20 30 32 30 30 30 30 30 30 2B 30 36 38 2B 30 33 33 20 30 00
n1,2:         31 32
Phase1,2:     818380-818386=-6
a1,b1:         68 32
a2,b2:         68 33
 
Время:        04.09.2019 14:25:55
message1:     68 20 30 20 3C 3C 3C 37 3C 30 35 30 20 30 32 30 30 30 30 30 30 2B 30 36 38 2B 30 33 33 20 30 00
message2:     68 20 30 20 31 39 3C 37 3C 30 35 30 20 31 32 30 30 30 30 30 30 2B 30 36 39 2B 30 33 34 20 30 00
n1,2:         32 33
Phase1,2:     818321-818380=-59
a1,b1:         68 33
a2,b2:         69 34
 
Время:        04.09.2019 14:25:55
message1:     68 20 30 20 31 39 3C 37 3C 30 35 30 20 31 32 30 30 30 30 30 30 2B 30 36 39 2B 30 33 34 20 30 00
message2:     68 20 30 20 39 35 3C 37 3C 30 35 30 20 32 32 30 30 30 30 30 30 2B 30 36 39 2B 30 33 35 20 30 00
n1,2:         33 34
Phase1,2:     818265-818321=-56
a1,b1:         69 34
a2,b2:         69 35
 
Время:        04.09.2019 14:25:56
message1:     68 20 30 20 39 35 3C 37 3C 30 35 30 20 32 32 30 30 30 30 30 30 2B 30 36 39 2B 30 33 35 20 30 00
message2:     68 20 30 20 35 37 3C 37 3C 30 35 30 20 33 32 30 30 30 30 30 30 2B 30 37 30 2B 30 33 36 20 30 00
n1,2:         34 35
Phase1,2:     818293-818265=28
a1,b1:         69 35
a2,b2:         70 36
 
Время:        04.09.2019 14:25:56
message1:     68 20 30 20 35 37 3C 37 3C 30 35 30 20 33 32 30 30 30 30 30 30 2B 30 37 30 2B 30 33 36 20 30 00
message2:     68 20 30 20 36 38 3C 37 3C 30 35 30 20 34 32 30 30 30 30 30 30 2B 30 37 30 2B 30 33 37 20 30 00
n1,2:         35 36
Phase1,2:     818310-818293=17
a1,b1:         70 36
a2,b2:         70 37
 
Время:        04.09.2019 14:25:57
message1:     68 20 30 20 36 38 3C 37 3C 30 35 30 20 34 32 30 30 30 30 30 30 2B 30 37 30 2B 30 33 37 20 30 00
message2:     68 20 30 20 34 37 3C 37 3C 30 35 30 20 35 32 30 30 30 30 30 30 2B 30 37 31 2B 30 33 38 20 30 00
n1,2:         36 37
Phase1,2:     818292-818310=-18
a1,b1:         70 37
a2,b2:         71 38
 
Время:        04.09.2019 14:25:57
message1:     68 20 30 20 34 37 3C 37 3C 30 35 30 20 35 32 30 30 30 30 30 30 2B 30 37 31 2B 30 33 38 20 30 00
message2:     68 20 30 20 3A 36 3C 37 3C 30 35 30 20 36 32 30 30 30 30 30 30 2B 30 37 31 2B 30 33 39 20 30 00
n1,2:         37 38
Phase1,2:     818282-818292=-10
a1,b1:         71 38
a2,b2:         71 39
 
Время:        04.09.2019 14:25:58
message1:     68 20 30 20 3A 36 3C 37 3C 30 35 30 20 36 32 30 30 30 30 30 30 2B 30 37 31 2B 30 33 39 20 30 00
message2:     68 20 30 20 3F 3B 3C 37 3C 30 35 30 20 37 32 30 30 30 30 30 30 2B 30 37 32 2B 30 34 30 20 30 00
n1,2:         38 39
Phase1,2:     818367-818282=85
a1,b1:         71 39
a2,b2:         72 40
 
Время:        04.09.2019 14:25:58
message1:     68 20 30 20 3F 3B 3C 37 3C 30 35 30 20 37 32 30 30 30 30 30 30 2B 30 37 32 2B 30 34 30 20 30 00
message2:     68 20 30 20 3C 3D 3C 37 3C 30 35 30 20 38 32 30 30 30 30 30 30 2B 30 37 32 2B 30 34 31 20 30 00
n1,2:         39 40
Phase1,2:     818396-818367=29
a1,b1:         72 40
a2,b2:         72 41
 
Время:        04.09.2019 14:25:59
message1:     68 20 30 20 3C 3D 3C 37 3C 30 35 30 20 38 32 30 30 30 30 30 30 2B 30 37 32 2B 30 34 31 20 30 00
message2:     68 20 30 20 3D 3E 3C 37 3C 30 35 30 20 39 32 30 30 30 30 30 30 2B 30 37 33 2B 30 34 32 20 30 00
n1,2:         40 41
Phase1,2:     818413-818396=17
a1,b1:         72 41
a2,b2:         73 42
 
Время:        04.09.2019 14:26:31
message1:     68 20 32 20 3E 3B 3C 37 3C 30 35 30 20 30 30 30 30 30 30 30 30 2B 30 30 30 2B 30 30 30 20 30 00
message2:     68 20 32 20 3E 3B 3C 37 3C 30 35 30 20 30 30 30 30 30 30 30 30 2B 30 30 30 2B 30 30 30 20 30 00
n1,2:         0 0
Phase1,2:     818366-818366=0
a1,b1:         0 0
a2,b2:         0 0
 
Время:        04.09.2019 14:26:31
message1:     68 20 32 20 3E 3B 3C 37 3C 30 35 30 20 30 30 30 30 30 30 30 30 2B 30 30 30 2B 30 30 30 20 30 00
message2:     68 20 30 20 39 38 3C 37 3C 30 35 30 20 30 30 30 30 30 30 30 30 2B 30 30 31 2B 30 30 31 20 30 00
n1,2:         0 0
Phase1,2:     818313-818366=-53
a1,b1:         0 0
a2,b2:         1 1
 
Время:        04.09.2019 14:26:40
message1:     68 20 30 20 39 38 3C 37 3C 30 35 30 20 30 30 30 30 30 30 30 30 2B 30 30 31 2B 30 30 31 20 30 00
message2:     68 20 30 20 3F 35 3C 37 3C 30 35 30 20 31 30 30 30 30 30 30 30 2B 30 30 39 2B 30 30 32 20 30 00
n1,2:         0 1
Phase1,2:     818271-818313=-42
a1,b1:         1 1
a2,b2:         9 2
 
Время:        04.09.2019 14:26:40
message1:     68 20 30 20 3F 35 3C 37 3C 30 35 30 20 31 30 30 30 30 30 30 30 2B 30 30 39 2B 30 30 32 20 30 00
message2:     68 20 30 20 3A 33 3C 37 3C 30 35 30 20 32 30 30 30 30 30 30 30 2B 30 31 30 2B 30 30 33 20 30 00
n1,2:         1 2
Phase1,2:     818234-818271=-37
a1,b1:         9 2
a2,b2:         10 3
 
Время:        04.09.2019 14:26:41
message1:     68 20 30 20 3A 33 3C 37 3C 30 35 30 20 32 30 30 30 30 30 30 30 2B 30 31 30 2B 30 30 33 20 30 00
message2:     68 20 30 20 3E 36 3C 37 3C 30 35 30 20 33 30 30 30 30 30 30 30 2B 30 31 30 2B 30 30 34 20 30 00
n1,2:         2 3
Phase1,2:     818286-818234=52
a1,b1:         10 3
a2,b2:         10 4
 
Время:        04.09.2019 14:26:41
message1:     68 20 30 20 3E 36 3C 37 3C 30 35 30 20 33 30 30 30 30 30 30 30 2B 30 31 30 2B 30 30 34 20 30 00
message2:     68 20 30 20 3B 36 3C 37 3C 30 35 30 20 34 30 30 30 30 30 30 30 2B 30 31 31 2B 30 30 35 20 30 00
n1,2:         3 4
Phase1,2:     818283-818286=-3
a1,b1:         10 4
a2,b2:         11 5
 
Время:        04.09.2019 14:26:42
message1:     68 20 30 20 3B 36 3C 37 3C 30 35 30 20 34 30 30 30 30 30 30 30 2B 30 31 31 2B 30 30 35 20 30 00
message2:     68 20 30 20 3C 3A 3C 37 3C 30 35 30 20 35 30 30 30 30 30 30 30 2B 30 31 31 2B 30 30 36 20 30 00
n1,2:         4 5
Phase1,2:     818348-818283=65
a1,b1:         11 5
a2,b2:         11 6
 
Время:        04.09.2019 14:26:42
message1:     68 20 30 20 3C 3A 3C 37 3C 30 35 30 20 35 30 30 30 30 30 30 30 2B 30 31 31 2B 30 30 36 20 30 00
message2:     68 20 30 20 32 39 3C 37 3C 30 35 30 20 36 30 30 30 30 30 30 30 2B 30 31 32 2B 30 30 37 20 30 00
n1,2:         5 6
Phase1,2:     818322-818348=-26
a1,b1:         11 6
a2,b2:         12 7
 
Время:        04.09.2019 14:26:43
message1:     68 20 30 20 32 39 3C 37 3C 30 35 30 20 36 30 30 30 30 30 30 30 2B 30 31 32 2B 30 30 37 20 30 00
message2:     68 20 30 20 3E 36 3C 37 3C 30 35 30 20 37 30 30 30 30 30 30 30 2B 30 31 32 2B 30 30 38 20 30 00
n1,2:         6 7
Phase1,2:     818286-818322=-36
a1,b1:         12 7
a2,b2:         12 8
 
Время:        04.09.2019 14:26:43
message1:     68 20 30 20 3E 36 3C 37 3C 30 35 30 20 37 30 30 30 30 30 30 30 2B 30 31 32 2B 30 30 38 20 30 00
message2:     68 20 30 20 30 38 3C 37 3C 30 35 30 20 38 30 30 30 30 30 30 30 2B 30 31 33 2B 30 30 39 20 30 00
n1,2:         7 8
Phase1,2:     818304-818286=18
a1,b1:         12 8
a2,b2:         13 9
 
Время:        04.09.2019 14:26:44
message1:     68 20 30 20 30 38 3C 37 3C 30 35 30 20 38 30 30 30 30 30 30 30 2B 30 31 33 2B 30 30 39 20 30 00
message2:     68 20 30 20 3F 38 3C 37 3C 30 35 30 20 39 30 30 30 30 30 30 30 2B 30 31 33 2B 30 31 30 20 30 00
n1,2:         8 9
Phase1,2:     818319-818304=15
a1,b1:         13 9
a2,b2:         13 10
 
Время:        04.09.2019 14:26:44
message1:     68 20 30 20 3F 38 3C 37 3C 30 35 30 20 39 30 30 30 30 30 30 30 2B 30 31 33 2B 30 31 30 20 30 00
message2:     68 20 30 20 37 36 3C 37 3C 30 35 30 20 3A 30 30 30 30 30 30 30 2B 30 31 34 2B 30 31 31 20 30 00
n1,2:         9 10
Phase1,2:     818279-818319=-40
a1,b1:         13 10
a2,b2:         14 11
 
Время:        04.09.2019 14:26:45
message1:     68 20 30 20 37 36 3C 37 3C 30 35 30 20 3A 30 30 30 30 30 30 30 2B 30 31 34 2B 30 31 31 20 30 00
message2:     68 20 30 20 3D 38 3C 37 3C 30 35 30 20 3B 30 30 30 30 30 30 30 2B 30 31 34 2B 30 31 32 20 30 00
n1,2:         10 11
Phase1,2:     818317-818279=38
a1,b1:         14 11
a2,b2:         14 12
 
Время:        04.09.2019 14:26:45
message1:     68 20 30 20 3D 38 3C 37 3C 30 35 30 20 3B 30 30 30 30 30 30 30 2B 30 31 34 2B 30 31 32 20 30 00
message2:     68 20 30 20 3F 38 3C 37 3C 30 35 30 20 3C 30 30 30 30 30 30 30 2B 30 31 35 2B 30 31 33 20 30 00
n1,2:         11 12
Phase1,2:     818319-818317=2
a1,b1:         14 12
a2,b2:         15 13
 
Время:        04.09.2019 14:26:46
message1:     68 20 30 20 3F 38 3C 37 3C 30 35 30 20 3C 30 30 30 30 30 30 30 2B 30 31 35 2B 30 31 33 20 30 00
message2:     68 20 30 20 3F 33 3C 37 3C 30 35 30 20 3D 30 30 30 30 30 30 30 2B 30 31 35 2B 30 31 34 20 30 00
n1,2:         12 13
Phase1,2:     818239-818319=-80
a1,b1:         15 13
a2,b2:         15 14
 
Время:        04.09.2019 14:26:46
message1:     68 20 30 20 3F 33 3C 37 3C 30 35 30 20 3D 30 30 30 30 30 30 30 2B 30 31 35 2B 30 31 34 20 30 00
message2:     68 20 30 20 3C 34 3C 37 3C 30 35 30 20 3E 30 30 30 30 30 30 30 2B 30 31 36 2B 30 31 35 20 30 00
n1,2:         13 14
Phase1,2:     818252-818239=13
a1,b1:         15 14
a2,b2:         16 15
 
Время:        04.09.2019 14:26:54
message1:     68 20 30 20 3A 36 3C 37 3C 30 35 30 20 30 30 30 30 30 30 30 30 2B 30 30 31 2B 30 30 31 20 30 00
message2:     68 20 32 20 3F 35 3C 37 3C 30 35 30 20 31 30 30 30 30 30 30 30 2B 30 30 31 2B 30 30 31 20 30 00
n1,2:         0 1
Phase1,2:     818271-818282=-11
a1,b1:         1 1
a2,b2:         1 1
 
Время:        04.09.2019 14:26:55
message1:     68 20 32 20 3F 35 3C 37 3C 30 35 30 20 31 30 30 30 30 30 30 30 2B 30 30 31 2B 30 30 31 20 30 00
message2:     68 20 30 20 3A 37 3C 37 3C 30 35 30 20 31 30 30 30 30 30 30 30 2B 30 30 32 2B 30 30 32 20 30 00
n1,2:         1 1
Phase1,2:     818298-818271=27
a1,b1:         1 1
a2,b2:         2 2
 
Время:        04.09.2019 14:26:55
message1:     68 20 30 20 3A 37 3C 37 3C 30 35 30 20 31 30 30 30 30 30 30 30 2B 30 30 32 2B 30 30 32 20 30 00
message2:     68 20 32 20 3A 33 3C 37 3C 30 35 30 20 32 30 30 30 30 30 30 30 2B 30 30 32 2B 30 30 32 20 30 00
n1,2:         1 2
Phase1,2:     818234-818298=-64
a1,b1:         2 2
a2,b2:         2 2
 
Время:        04.09.2019 14:26:56
message1:     68 20 32 20 3A 33 3C 37 3C 30 35 30 20 32 30 30 30 30 30 30 30 2B 30 30 32 2B 30 30 32 20 30 00
message2:     68 20 30 20 31 38 3C 37 3C 30 35 30 20 32 30 30 30 30 30 30 30 2B 30 30 33 2B 30 30 33 20 30 00
n1,2:         2 2
Phase1,2:     818305-818234=71
a1,b1:         2 2
a2,b2:         3 3
 
Время:        04.09.2019 14:26:56
message1:     68 20 30 20 31 38 3C 37 3C 30 35 30 20 32 30 30 30 30 30 30 30 2B 30 30 33 2B 30 30 33 20 30 00
message2:     68 20 32 20 3E 36 3C 37 3C 30 35 30 20 33 30 30 30 30 30 30 30 2B 30 30 33 2B 30 30 33 20 30 00
n1,2:         2 3
Phase1,2:     818286-818305=-19
a1,b1:         3 3
a2,b2:         3 3
 
Время:        04.09.2019 14:26:57
message1:     68 20 32 20 3E 36 3C 37 3C 30 35 30 20 33 30 30 30 30 30 30 30 2B 30 30 33 2B 30 30 33 20 30 00
message2:     68 20 30 20 37 38 3C 37 3C 30 35 30 20 33 30 30 30 30 30 30 30 2B 30 30 34 2B 30 30 34 20 30 00
n1,2:         3 3
Phase1,2:     818311-818286=25
a1,b1:         3 3
a2,b2:         4 4
 
Время:        04.09.2019 14:26:57
message1:     68 20 30 20 37 38 3C 37 3C 30 35 30 20 33 30 30 30 30 30 30 30 2B 30 30 34 2B 30 30 34 20 30 00
message2:     68 20 32 20 3B 36 3C 37 3C 30 35 30 20 34 30 30 30 30 30 30 30 2B 30 30 34 2B 30 30 34 20 30 00
n1,2:         3 4
Phase1,2:     818283-818311=-28
a1,b1:         4 4
a2,b2:         4 4
 
Время:        04.09.2019 14:26:58
message1:     68 20 32 20 3B 36 3C 37 3C 30 35 30 20 34 30 30 30 30 30 30 30 2B 30 30 34 2B 30 30 34 20 30 00
message2:     68 20 30 20 3A 3C 3C 37 3C 30 35 30 20 34 30 30 30 30 30 30 30 2B 30 30 35 2B 30 30 35 20 30 00
n1,2:         4 4
Phase1,2:     818378-818283=95
a1,b1:         4 4
a2,b2:         5 5
 
Время:        04.09.2019 14:26:58
message1:     68 20 30 20 3A 3C 3C 37 3C 30 35 30 20 34 30 30 30 30 30 30 30 2B 30 30 35 2B 30 30 35 20 30 00
message2:     68 20 32 20 3C 3A 3C 37 3C 30 35 30 20 35 30 30 30 30 30 30 30 2B 30 30 35 2B 30 30 35 20 30 00
n1,2:         4 5
Phase1,2:     818348-818378=-30
a1,b1:         5 5
a2,b2:         5 5
 
Время:        04.09.2019 14:26:59
message1:     68 20 32 20 3C 3A 3C 37 3C 30 35 30 20 35 30 30 30 30 30 30 30 2B 30 30 35 2B 30 30 35 20 30 00
message2:     68 20 30 20 3B 3A 3C 37 3C 30 35 30 20 35 30 30 30 30 30 30 30 2B 30 30 36 2B 30 30 36 20 30 00
n1,2:         5 5
Phase1,2:     818347-818348=-1
a1,b1:         5 5
a2,b2:         6 6
 
Время:        04.09.2019 14:27:00
message1:     68 20 30 20 3B 3A 3C 37 3C 30 35 30 20 35 30 30 30 30 30 30 30 2B 30 30 36 2B 30 30 36 20 30 00
message2:     68 20 32 20 32 39 3C 37 3C 30 35 30 20 36 30 30 30 30 30 30 30 2B 30 30 36 2B 30 30 36 20 30 00
n1,2:         5 6
Phase1,2:     818322-818347=-25
a1,b1:         6 6
a2,b2:         6 6
 
Время:        04.09.2019 14:27:00
message1:     68 20 32 20 32 39 3C 37 3C 30 35 30 20 36 30 30 30 30 30 30 30 2B 30 30 36 2B 30 30 36 20 30 00
message2:     68 20 30 20 35 39 3C 37 3C 30 35 30 20 36 30 30 30 30 30 30 30 2B 30 30 37 2B 30 30 37 20 30 00
n1,2:         6 6
Phase1,2:     818325-818322=3
a1,b1:         6 6
a2,b2:         7 7
 
Время:        04.09.2019 14:27:01
message1:     68 20 30 20 35 39 3C 37 3C 30 35 30 20 36 30 30 30 30 30 30 30 2B 30 30 37 2B 30 30 37 20 30 00
message2:     68 20 32 20 3E 36 3C 37 3C 30 35 30 20 37 30 30 30 30 30 30 30 2B 30 30 37 2B 30 30 37 20 30 00
n1,2:         6 7
Phase1,2:     818286-818325=-39
a1,b1:         7 7
a2,b2:         7 7
 
Время:        04.09.2019 14:27:01
message1:     68 20 32 20 3E 36 3C 37 3C 30 35 30 20 37 30 30 30 30 30 30 30 2B 30 30 37 2B 30 30 37 20 30 00
message2:     68 20 30 20 33 31 3C 37 3C 30 35 30 20 37 30 30 30 30 30 30 30 2B 30 30 38 2B 30 30 38 20 30 00
n1,2:         7 7
Phase1,2:     818195-818286=-91
a1,b1:         7 7
a2,b2:         8 8
 
Время:        04.09.2019 14:27:02
message1:     68 20 30 20 33 31 3C 37 3C 30 35 30 20 37 30 30 30 30 30 30 30 2B 30 30 38 2B 30 30 38 20 30 00
message2:     68 20 32 20 30 38 3C 37 3C 30 35 30 20 38 30 30 30 30 30 30 30 2B 30 30 38 2B 30 30 38 20 30 00
n1,2:         7 8
Phase1,2:     818304-818195=109
a1,b1:         8 8
a2,b2:         8 8
 
Время:        04.09.2019 14:27:02
message1:     68 20 32 20 30 38 3C 37 3C 30 35 30 20 38 30 30 30 30 30 30 30 2B 30 30 38 2B 30 30 38 20 30 00
message2:     68 20 30 20 3B 36 3C 37 3C 30 35 30 20 38 30 30 30 30 30 30 30 2B 30 30 39 2B 30 30 39 20 30 00
n1,2:         8 8
Phase1,2:     818283-818304=-21
a1,b1:         8 8
a2,b2:         9 9
 
Время:        04.09.2019 14:27:03
message1:     68 20 30 20 3B 36 3C 37 3C 30 35 30 20 38 30 30 30 30 30 30 30 2B 30 30 39 2B 30 30 39 20 30 00
message2:     68 20 32 20 3F 38 3C 37 3C 30 35 30 20 39 30 30 30 30 30 30 30 2B 30 30 39 2B 30 30 39 20 30 00
n1,2:         8 9
Phase1,2:     818319-818283=36
a1,b1:         9 9
a2,b2:         9 9
 
Время:        04.09.2019 14:27:03
message1:     68 20 32 20 3F 38 3C 37 3C 30 35 30 20 39 30 30 30 30 30 30 30 2B 30 30 39 2B 30 30 39 20 30 00
message2:     68 20 30 20 3E 3B 3C 37 3C 30 35 30 20 39 30 30 30 30 30 30 30 2B 30 31 30 2B 30 31 30 20 30 00
n1,2:         9 9
Phase1,2:     818366-818319=47
a1,b1:         9 9
a2,b2:         10 10
 
Время:        04.09.2019 14:27:04
message1:     68 20 30 20 3E 3B 3C 37 3C 30 35 30 20 39 30 30 30 30 30 30 30 2B 30 31 30 2B 30 31 30 20 30 00
message2:     68 20 32 20 37 36 3C 37 3C 30 35 30 20 3A 30 30 30 30 30 30 30 2B 30 31 30 2B 30 31 30 20 30 00
n1,2:         9 10
Phase1,2:     818279-818366=-87
a1,b1:         10 10
a2,b2:         10 10
 
Время:        04.09.2019 14:27:04
message1:     68 20 32 20 37 36 3C 37 3C 30 35 30 20 3A 30 30 30 30 30 30 30 2B 30 31 30 2B 30 31 30 20 30 00
message2:     68 20 30 20 31 37 3C 37 3C 30 35 30 20 3A 30 30 30 30 30 30 30 2B 30 31 31 2B 30 31 31 20 30 00
n1,2:         10 10
Phase1,2:     818289-818279=10
a1,b1:         10 10
a2,b2:         11 11
 
Время:        04.09.2019 14:27:05
message1:     68 20 30 20 31 37 3C 37 3C 30 35 30 20 3A 30 30 30 30 30 30 30 2B 30 31 31 2B 30 31 31 20 30 00
message2:     68 20 32 20 3D 38 3C 37 3C 30 35 30 20 3B 30 30 30 30 30 30 30 2B 30 31 31 2B 30 31 31 20 30 00
n1,2:         10 11
Phase1,2:     818317-818289=28
a1,b1:         11 11
a2,b2:         11 11
 
Время:        04.09.2019 14:27:05
message1:     68 20 32 20 3D 38 3C 37 3C 30 35 30 20 3B 30 30 30 30 30 30 30 2B 30 31 31 2B 30 31 31 20 30 00
message2:     68 20 30 20 39 38 3C 37 3C 30 35 30 20 3B 30 30 30 30 30 30 30 2B 30 31 32 2B 30 31 32 20 30 00
n1,2:         11 11
Phase1,2:     818313-818317=-4
a1,b1:         11 11
a2,b2:         12 12
 
Время:        04.09.2019 14:27:06
message1:     68 20 30 20 39 38 3C 37 3C 30 35 30 20 3B 30 30 30 30 30 30 30 2B 30 31 32 2B 30 31 32 20 30 00
message2:     68 20 32 20 3F 38 3C 37 3C 30 35 30 20 3C 30 30 30 30 30 30 30 2B 30 31 32 2B 30 31 32 20 30 00
n1,2:         11 12
Phase1,2:     818319-818313=6
a1,b1:         12 12
a2,b2:         12 12
 
Время:        04.09.2019 14:27:06
message1:     68 20 32 20 3F 38 3C 37 3C 30 35 30 20 3C 30 30 30 30 30 30 30 2B 30 31 32 2B 30 31 32 20 30 00
message2:     68 20 30 20 34 36 3C 37 3C 30 35 30 20 3C 30 30 30 30 30 30 30 2B 30 31 33 2B 30 31 33 20 30 00
n1,2:         12 12
Phase1,2:     818276-818319=-43
a1,b1:         12 12
a2,b2:         13 13
 
Время:        04.09.2019 14:27:07
message1:     68 20 30 20 34 36 3C 37 3C 30 35 30 20 3C 30 30 30 30 30 30 30 2B 30 31 33 2B 30 31 33 20 30 00
message2:     68 20 32 20 3F 33 3C 37 3C 30 35 30 20 3D 30 30 30 30 30 30 30 2B 30 31 33 2B 30 31 33 20 30 00
n1,2:         12 13
Phase1,2:     818239-818276=-37
a1,b1:         13 13
a2,b2:         13 13
 
Время:        04.09.2019 14:27:07
message1:     68 20 32 20 3F 33 3C 37 3C 30 35 30 20 3D 30 30 30 30 30 30 30 2B 30 31 33 2B 30 31 33 20 30 00
message2:     68 20 30 20 3D 36 3C 37 3C 30 35 30 20 3D 30 30 30 30 30 30 30 2B 30 31 34 2B 30 31 34 20 30 00
n1,2:         13 13
Phase1,2:     818285-818239=46
a1,b1:         13 13
a2,b2:         14 14
 
Время:        04.09.2019 14:27:08
message1:     68 20 30 20 3D 36 3C 37 3C 30 35 30 20 3D 30 30 30 30 30 30 30 2B 30 31 34 2B 30 31 34 20 30 00
message2:     68 20 32 20 3C 34 3C 37 3C 30 35 30 20 3E 30 30 30 30 30 30 30 2B 30 31 34 2B 30 31 34 20 30 00
n1,2:         13 14
Phase1,2:     818252-818285=-33
a1,b1:         14 14
a2,b2:         14 14
 
Время:        04.09.2019 14:27:08
message1:     68 20 32 20 3C 34 3C 37 3C 30 35 30 20 3E 30 30 30 30 30 30 30 2B 30 31 34 2B 30 31 34 20 30 00
message2:     68 20 30 20 38 39 3C 37 3C 30 35 30 20 3E 30 30 30 30 30 30 30 2B 30 31 35 2B 30 31 35 20 30 00
n1,2:         14 14
Phase1,2:     818328-818252=76
a1,b1:         14 14
a2,b2:         15 15
 
Время:        04.09.2019 14:27:09
message1:     68 20 30 20 38 39 3C 37 3C 30 35 30 20 3E 30 30 30 30 30 30 30 2B 30 31 35 2B 30 31 35 20 30 00
message2:     68 20 32 20 3A 32 3C 37 3C 30 35 30 20 3F 30 30 30 30 30 30 30 2B 30 31 35 2B 30 31 35 20 30 00
n1,2:         14 15
Phase1,2:     818218-818328=-110
a1,b1:         15 15
a2,b2:         15 15
 
Время:        04.09.2019 14:27:09
message1:     68 20 32 20 3A 32 3C 37 3C 30 35 30 20 3F 30 30 30 30 30 30 30 2B 30 31 35 2B 30 31 35 20 30 00
message2:     68 20 30 20 31 35 3C 37 3C 30 35 30 20 3F 30 30 30 30 30 30 30 2B 30 31 36 2B 30 31 36 20 30 00
n1,2:         15 15
Phase1,2:     818257-818218=39
a1,b1:         15 15
a2,b2:         16 16
 
Время:        04.09.2019 14:27:10
message1:     68 20 30 20 31 35 3C 37 3C 30 35 30 20 3F 30 30 30 30 30 30 30 2B 30 31 36 2B 30 31 36 20 30 00
message2:     68 20 30 20 30 38 3C 37 3C 30 35 30 20 30 31 30 30 30 30 30 30 2B 30 31 37 2B 30 31 37 20 30 00
n1,2:         15 16
Phase1,2:     818304-818257=47
a1,b1:         16 16
a2,b2:         17 17
 
Время:        04.09.2019 14:27:10
message1:     68 20 30 20 30 38 3C 37 3C 30 35 30 20 30 31 30 30 30 30 30 30 2B 30 31 37 2B 30 31 37 20 30 00
message2:     68 20 32 20 36 38 3C 37 3C 30 35 30 20 31 31 30 30 30 30 30 30 2B 30 31 37 2B 30 31 37 20 30 00
n1,2:         16 17
Phase1,2:     818310-818304=6
a1,b1:         17 17
a2,b2:         17 17
 
Время:        04.09.2019 14:28:46
message1:     68 20 32 20 35 36 3C 37 3C 30 35 30 20 30 30 30 30 30 30 30 30 2B 30 30 30 2B 30 30 30 20 30 00
message2:     68 20 30 20 33 35 3C 37 3C 30 35 30 20 30 30 30 30 30 30 30 30 2B 30 30 31 2B 30 30 31 20 30 00
n1,2:         0 0
Phase1,2:     818259-818277=-18
a1,b1:         0 0
a2,b2:         1 1
 
Время:        04.09.2019 14:28:47
message1:     68 20 30 20 33 35 3C 37 3C 30 35 30 20 30 30 30 30 30 30 30 30 2B 30 30 31 2B 30 30 31 20 30 00
message2:     68 20 32 20 35 36 3C 37 3C 30 35 30 20 31 30 30 30 30 30 30 30 2B 30 30 31 2B 30 30 31 20 30 00
n1,2:         0 1
Phase1,2:     818277-818259=18
a1,b1:         1 1
a2,b2:         1 1
 
Время:        04.09.2019 14:28:47
message1:     68 20 32 20 35 36 3C 37 3C 30 35 30 20 31 30 30 30 30 30 30 30 2B 30 30 31 2B 30 30 31 20 30 00
message2:     68 20 30 20 38 3B 3C 37 3C 30 35 30 20 31 30 30 30 30 30 30 30 2B 30 30 32 2B 30 30 32 20 30 00
n1,2:         1 1
Phase1,2:     818360-818277=83
a1,b1:         1 1
a2,b2:         2 2
 
Время:        04.09.2019 14:28:48
message1:     68 20 30 20 38 3B 3C 37 3C 30 35 30 20 31 30 30 30 30 30 30 30 2B 30 30 32 2B 30 30 32 20 30 00
message2:     68 20 32 20 33 35 3C 37 3C 30 35 30 20 32 30 30 30 30 30 30 30 2B 30 30 32 2B 30 30 32 20 30 00
n1,2:         1 2
Phase1,2:     818259-818360=-101
a1,b1:         2 2
a2,b2:         2 2
 
Время:        04.09.2019 14:28:48
message1:     68 20 32 20 33 35 3C 37 3C 30 35 30 20 32 30 30 30 30 30 30 30 2B 30 30 32 2B 30 30 32 20 30 00
message2:     68 20 30 20 31 39 3C 37 3C 30 35 30 20 32 30 30 30 30 30 30 30 2B 30 30 33 2B 30 30 33 20 30 00
n1,2:         2 2
Phase1,2:     818321-818259=62
a1,b1:         2 2
a2,b2:         3 3
 
Время:        04.09.2019 14:28:49
message1:     68 20 30 20 31 39 3C 37 3C 30 35 30 20 32 30 30 30 30 30 30 30 2B 30 30 33 2B 30 30 33 20 30 00
message2:     68 20 32 20 3E 34 3C 37 3C 30 35 30 20 33 30 30 30 30 30 30 30 2B 30 30 33 2B 30 30 33 20 30 00
n1,2:         2 3
Phase1,2:     818254-818321=-67
a1,b1:         3 3
a2,b2:         3 3
 
Время:        04.09.2019 14:28:49
message1:     68 20 32 20 3E 34 3C 37 3C 30 35 30 20 33 30 30 30 30 30 30 30 2B 30 30 33 2B 30 30 33 20 30 00
message2:     68 20 30 20 3B 34 3C 37 3C 30 35 30 20 33 30 30 30 30 30 30 30 2B 30 30 34 2B 30 30 34 20 30 00
n1,2:         3 3
Phase1,2:     818251-818254=-3
a1,b1:         3 3
a2,b2:         4 4
 
Время:        04.09.2019 14:28:50
message1:     68 20 30 20 3B 34 3C 37 3C 30 35 30 20 33 30 30 30 30 30 30 30 2B 30 30 34 2B 30 30 34 20 30 00
message2:     68 20 32 20 3E 38 3C 37 3C 30 35 30 20 34 30 30 30 30 30 30 30 2B 30 30 34 2B 30 30 34 20 30 00
n1,2:         3 4
Phase1,2:     818318-818251=67
a1,b1:         4 4
a2,b2:         4 4
 
Время:        04.09.2019 14:28:50
message1:     68 20 32 20 3E 38 3C 37 3C 30 35 30 20 34 30 30 30 30 30 30 30 2B 30 30 34 2B 30 30 34 20 30 00
message2:     68 20 30 20 3A 37 3C 37 3C 30 35 30 20 34 30 30 30 30 30 30 30 2B 30 30 35 2B 30 30 35 20 30 00
n1,2:         4 4
Phase1,2:     818298-818318=-20
a1,b1:         4 4
a2,b2:         5 5
 
Время:        04.09.2019 14:28:51
message1:     68 20 30 20 3A 37 3C 37 3C 30 35 30 20 34 30 30 30 30 30 30 30 2B 30 30 35 2B 30 30 35 20 30 00
message2:     68 20 32 20 3F 3A 3C 37 3C 30 35 30 20 35 30 30 30 30 30 30 30 2B 30 30 35 2B 30 30 35 20 30 00
n1,2:         4 5
Phase1,2:     818351-818298=53
a1,b1:         5 5
a2,b2:         5 5
 
Время:        04.09.2019 14:28:51
message1:     68 20 32 20 3F 3A 3C 37 3C 30 35 30 20 35 30 30 30 30 30 30 30 2B 30 30 35 2B 30 30 35 20 30 00
message2:     68 20 30 20 3F 38 3C 37 3C 30 35 30 20 35 30 30 30 30 30 30 30 2B 30 30 36 2B 30 30 36 20 30 00
n1,2:         5 5
Phase1,2:     818319-818351=-32
a1,b1:         5 5
a2,b2:         6 6
 
Время:        04.09.2019 14:28:52
message1:     68 20 30 20 3F 38 3C 37 3C 30 35 30 20 35 30 30 30 30 30 30 30 2B 30 30 36 2B 30 30 36 20 30 00
message2:     68 20 32 20 39 32 3C 37 3C 30 35 30 20 36 30 30 30 30 30 30 30 2B 30 30 36 2B 30 30 36 20 30 00
n1,2:         5 6
Phase1,2:     818217-818319=-102
a1,b1:         6 6
a2,b2:         6 6
 
Время:        04.09.2019 14:28:52
message1:     68 20 32 20 39 32 3C 37 3C 30 35 30 20 36 30 30 30 30 30 30 30 2B 30 30 36 2B 30 30 36 20 30 00
message2:     68 20 30 20 30 38 3C 37 3C 30 35 30 20 36 30 30 30 30 30 30 30 2B 30 30 37 2B 30 30 37 20 30 00
n1,2:         6 6
Phase1,2:     818304-818217=87
a1,b1:         6 6
a2,b2:         7 7
 
Время:        04.09.2019 14:28:53
message1:     68 20 30 20 30 38 3C 37 3C 30 35 30 20 36 30 30 30 30 30 30 30 2B 30 30 37 2B 30 30 37 20 30 00
message2:     68 20 30 20 3F 35 3C 37 3C 30 35 30 20 37 30 30 30 30 30 30 30 2B 30 30 38 2B 30 30 38 20 30 00
n1,2:         6 7
Phase1,2:     818271-818304=-33
a1,b1:         7 7
a2,b2:         8 8
 
Время:        04.09.2019 14:28:53
message1:     68 20 30 20 3F 35 3C 37 3C 30 35 30 20 37 30 30 30 30 30 30 30 2B 30 30 38 2B 30 30 38 20 30 00
message2:     68 20 32 20 38 3A 3C 37 3C 30 35 30 20 38 30 30 30 30 30 30 30 2B 30 30 38 2B 30 30 38 20 30 00
n1,2:         7 8
Phase1,2:     818344-818271=73
a1,b1:         8 8
a2,b2:         8 8
 
Время:        04.09.2019 14:28:54
message1:     68 20 32 20 38 3A 3C 37 3C 30 35 30 20 38 30 30 30 30 30 30 30 2B 30 30 38 2B 30 30 38 20 30 00
message2:     68 20 30 20 35 36 3C 37 3C 30 35 30 20 38 30 30 30 30 30 30 30 2B 30 30 39 2B 30 30 39 20 30 00
n1,2:         8 8
Phase1,2:     818277-818344=-67
a1,b1:         8 8
a2,b2:         9 9
 
Время:        04.09.2019 14:28:54
message1:     68 20 30 20 35 36 3C 37 3C 30 35 30 20 38 30 30 30 30 30 30 30 2B 30 30 39 2B 30 30 39 20 30 00
message2:     68 20 32 20 3E 36 3C 37 3C 30 35 30 20 39 30 30 30 30 30 30 30 2B 30 30 39 2B 30 30 39 20 30 00
n1,2:         8 9
Phase1,2:     818286-818277=9
a1,b1:         9 9
a2,b2:         9 9
 
Время:        04.09.2019 14:28:55
message1:     68 20 32 20 3E 36 3C 37 3C 30 35 30 20 39 30 30 30 30 30 30 30 2B 30 30 39 2B 30 30 39 20 30 00
message2:     68 20 30 20 30 35 3C 37 3C 30 35 30 20 39 30 30 30 30 30 30 30 2B 30 31 30 2B 30 31 30 20 30 00
n1,2:         9 9
Phase1,2:     818256-818286=-30
a1,b1:         9 9
a2,b2:         10 10
 
Время:        04.09.2019 14:28:55
message1:     68 20 30 20 30 35 3C 37 3C 30 35 30 20 39 30 30 30 30 30 30 30 2B 30 31 30 2B 30 31 30 20 30 00
message2:     68 20 32 20 3C 37 3C 37 3C 30 35 30 20 3A 30 30 30 30 30 30 30 2B 30 31 30 2B 30 31 30 20 30 00
n1,2:         9 10
Phase1,2:     818300-818256=44
a1,b1:         10 10
a2,b2:         10 10
 
Время:        04.09.2019 14:28:56
message1:     68 20 32 20 3C 37 3C 37 3C 30 35 30 20 3A 30 30 30 30 30 30 30 2B 30 31 30 2B 30 31 30 20 30 00
message2:     68 20 30 20 3E 36 3C 37 3C 30 35 30 20 3A 30 30 30 30 30 30 30 2B 30 31 31 2B 30 31 31 20 30 00
n1,2:         10 10
Phase1,2:     818286-818300=-14
a1,b1:         10 10
a2,b2:         11 11
 
Время:        04.09.2019 14:28:56
message1:     68 20 30 20 3E 36 3C 37 3C 30 35 30 20 3A 30 30 30 30 30 30 30 2B 30 31 31 2B 30 31 31 20 30 00
message2:     68 20 32 20 33 38 3C 37 3C 30 35 30 20 3B 30 30 30 30 30 30 30 2B 30 31 31 2B 30 31 31 20 30 00
n1,2:         10 11
Phase1,2:     818307-818286=21
a1,b1:         11 11
a2,b2:         11 11
 
Время:        04.09.2019 14:28:57
message1:     68 20 32 20 33 38 3C 37 3C 30 35 30 20 3B 30 30 30 30 30 30 30 2B 30 31 31 2B 30 31 31 20 30 00
message2:     68 20 30 20 3F 36 3C 37 3C 30 35 30 20 3B 30 30 30 30 30 30 30 2B 30 31 32 2B 30 31 32 20 30 00
n1,2:         11 11
Phase1,2:     818287-818307=-20
a1,b1:         11 11
a2,b2:         12 12
 
Время:        04.09.2019 14:28:57
message1:     68 20 30 20 3F 36 3C 37 3C 30 35 30 20 3B 30 30 30 30 30 30 30 2B 30 31 32 2B 30 31 32 20 30 00
message2:     68 20 32 20 31 35 3C 37 3C 30 35 30 20 3C 30 30 30 30 30 30 30 2B 30 31 32 2B 30 31 32 20 30 00
n1,2:         11 12
Phase1,2:     818257-818287=-30
a1,b1:         12 12
a2,b2:         12 12
 
Время:        04.09.2019 14:28:58
message1:     68 20 32 20 31 35 3C 37 3C 30 35 30 20 3C 30 30 30 30 30 30 30 2B 30 31 32 2B 30 31 32 20 30 00
message2:     68 20 30 20 33 37 3C 37 3C 30 35 30 20 3C 30 30 30 30 30 30 30 2B 30 31 33 2B 30 31 33 20 30 00
n1,2:         12 12
Phase1,2:     818291-818257=34
a1,b1:         12 12
a2,b2:         13 13
 
Время:        04.09.2019 14:28:58
message1:     68 20 30 20 33 37 3C 37 3C 30 35 30 20 3C 30 30 30 30 30 30 30 2B 30 31 33 2B 30 31 33 20 30 00
message2:     68 20 32 20 36 37 3C 37 3C 30 35 30 20 3D 30 30 30 30 30 30 30 2B 30 31 33 2B 30 31 33 20 30 00
n1,2:         12 13
Phase1,2:     818294-818291=3
a1,b1:         13 13
a2,b2:         13 13
 
Время:        04.09.2019 14:28:59
message1:     68 20 32 20 36 37 3C 37 3C 30 35 30 20 3D 30 30 30 30 30 30 30 2B 30 31 33 2B 30 31 33 20 30 00
message2:     68 20 30 20 39 35 3C 37 3C 30 35 30 20 3D 30 30 30 30 30 30 30 2B 30 31 34 2B 30 31 34 20 30 00
n1,2:         13 13
Phase1,2:     818265-818294=-29
a1,b1:         13 13
a2,b2:         14 14
 
Время:        04.09.2019 14:28:59
message1:     68 20 30 20 39 35 3C 37 3C 30 35 30 20 3D 30 30 30 30 30 30 30 2B 30 31 34 2B 30 31 34 20 30 00
message2:     68 20 32 20 34 37 3C 37 3C 30 35 30 20 3E 30 30 30 30 30 30 30 2B 30 31 34 2B 30 31 34 20 30 00
n1,2:         13 14
Phase1,2:     818292-818265=27
a1,b1:         14 14
a2,b2:         14 14
 
Время:        04.09.2019 14:29:00
message1:     68 20 32 20 34 37 3C 37 3C 30 35 30 20 3E 30 30 30 30 30 30 30 2B 30 31 34 2B 30 31 34 20 30 00
message2:     68 20 30 20 31 37 3C 37 3C 30 35 30 20 3E 30 30 30 30 30 30 30 2B 30 31 35 2B 30 31 35 20 30 00
n1,2:         14 14
Phase1,2:     818289-818292=-3
a1,b1:         14 14
a2,b2:         15 15
 
Время:        04.09.2019 14:29:00
message1:     68 20 30 20 31 37 3C 37 3C 30 35 30 20 3E 30 30 30 30 30 30 30 2B 30 31 35 2B 30 31 35 20 30 00
message2:     68 20 32 20 3A 37 3C 37 3C 30 35 30 20 3F 30 30 30 30 30 30 30 2B 30 31 35 2B 30 31 35 20 30 00
n1,2:         14 15
Phase1,2:     818298-818289=9
a1,b1:         15 15
a2,b2:         15 15
 
Время:        04.09.2019 14:29:01
message1:     68 20 32 20 3A 37 3C 37 3C 30 35 30 20 3F 30 30 30 30 30 30 30 2B 30 31 35 2B 30 31 35 20 30 00
message2:     68 20 30 20 36 38 3C 37 3C 30 35 30 20 3F 30 30 30 30 30 30 30 2B 30 31 36 2B 30 31 36 20 30 00
n1,2:         15 15
Phase1,2:     818310-818298=12
a1,b1:         15 15
a2,b2:         16 16
 
Время:        04.09.2019 14:29:02
message1:     68 20 30 20 36 38 3C 37 3C 30 35 30 20 3F 30 30 30 30 30 30 30 2B 30 31 36 2B 30 31 36 20 30 00
message2:     68 20 32 20 3B 36 3C 37 3C 30 35 30 20 30 31 30 30 30 30 30 30 2B 30 31 36 2B 30 31 36 20 30 00
n1,2:         15 16
Phase1,2:     818283-818310=-27
a1,b1:         16 16
a2,b2:         16 16
 
Время:        04.09.2019 14:29:02
message1:     68 20 32 20 3B 36 3C 37 3C 30 35 30 20 30 31 30 30 30 30 30 30 2B 30 31 36 2B 30 31 36 20 30 00
message2:     68 20 30 20 33 36 3C 37 3C 30 35 30 20 30 31 30 30 30 30 30 30 2B 30 31 37 2B 30 31 37 20 30 00
n1,2:         16 16
Phase1,2:     818275-818283=-8
a1,b1:         16 16
a2,b2:         17 17
 
Время:        04.09.2019 14:29:03
message1:     68 20 30 20 33 36 3C 37 3C 30 35 30 20 30 31 30 30 30 30 30 30 2B 30 31 37 2B 30 31 37 20 30 00
message2:     68 20 32 20 3F 34 3C 37 3C 30 35 30 20 31 31 30 30 30 30 30 30 2B 30 31 37 2B 30 31 37 20 30 00
n1,2:         16 17
Phase1,2:     818255-818275=-20
a1,b1:         17 17
a2,b2:         17 17
 
Время:        04.09.2019 14:29:03
message1:     68 20 32 20 3F 34 3C 37 3C 30 35 30 20 31 31 30 30 30 30 30 30 2B 30 31 37 2B 30 31 37 20 30 00
message2:     68 20 30 20 3D 3A 3C 37 3C 30 35 30 20 31 31 30 30 30 30 30 30 2B 30 31 38 2B 30 31 38 20 30 00
n1,2:         17 17
Phase1,2:     818349-818255=94
a1,b1:         17 17
a2,b2:         18 18
 
Время:        04.09.2019 14:29:04
message1:     68 20 30 20 3D 3A 3C 37 3C 30 35 30 20 31 31 30 30 30 30 30 30 2B 30 31 38 2B 30 31 38 20 30 00
message2:     68 20 32 20 38 35 3C 37 3C 30 35 30 20 32 31 30 30 30 30 30 30 2B 30 31 38 2B 30 31 38 20 30 00
n1,2:         17 18
Phase1,2:     818264-818349=-85
a1,b1:         18 18
a2,b2:         18 18
 
Время:        04.09.2019 14:29:04
message1:     68 20 32 20 38 35 3C 37 3C 30 35 30 20 32 31 30 30 30 30 30 30 2B 30 31 38 2B 30 31 38 20 30 00
message2:     68 20 30 20 32 39 3C 37 3C 30 35 30 20 32 31 30 30 30 30 30 30 2B 30 31 39 2B 30 31 39 20 30 00
n1,2:         18 18
Phase1,2:     818322-818264=58
a1,b1:         18 18
a2,b2:         19 19
 
Время:        04.09.2019 14:29:05
message1:     68 20 30 20 32 39 3C 37 3C 30 35 30 20 32 31 30 30 30 30 30 30 2B 30 31 39 2B 30 31 39 20 30 00
message2:     68 20 32 20 32 36 3C 37 3C 30 35 30 20 33 31 30 30 30 30 30 30 2B 30 31 39 2B 30 31 39 20 30 00
n1,2:         18 19
Phase1,2:     818274-818322=-48
a1,b1:         19 19
a2,b2:         19 19
 
Время:        04.09.2019 14:29:05
message1:     68 20 32 20 32 36 3C 37 3C 30 35 30 20 33 31 30 30 30 30 30 30 2B 30 31 39 2B 30 31 39 20 30 00
message2:     68 20 30 20 35 36 3C 37 3C 30 35 30 20 33 31 30 30 30 30 30 30 2B 30 32 30 2B 30 32 30 20 30 00
n1,2:         19 19
Phase1,2:     818277-818274=3
a1,b1:         19 19
a2,b2:         20 20
 
Время:        04.09.2019 14:29:06
message1:     68 20 30 20 35 36 3C 37 3C 30 35 30 20 33 31 30 30 30 30 30 30 2B 30 32 30 2B 30 32 30 20 30 00
message2:     68 20 32 20 32 35 3C 37 3C 30 35 30 20 34 31 30 30 30 30 30 30 2B 30 32 30 2B 30 32 30 20 30 00
n1,2:         19 20
Phase1,2:     818258-818277=-19
a1,b1:         20 20
a2,b2:         20 20
 
