Время:        07.08.2019 19:04:17
message1:     68 20 31 20 3E 3F 33 32 34 3D 33 30 20 30 30 30 30 30 30 30 30 2B 30 30 30 2B 30 30 31 20 30 00
message2:     68 20 33 20 31 36 33 32 34 3D 33 30 20 31 30 30 30 30 30 30 30 2B 30 30 31 2B 30 30 32 20 30 00
n1,2:         0 1
Phase1,2:     13902689-13902846=-157
a1,2:         0 256
b1,2:         256 512
 
Время:        07.08.2019 19:04:18
message1:     68 20 33 20 31 36 33 32 34 3D 33 30 20 31 30 30 30 30 30 30 30 2B 30 30 31 2B 30 30 32 20 30 00
message2:     68 20 33 20 34 3F 32 32 34 3D 33 30 20 32 30 30 30 30 30 30 30 2B 30 30 32 2B 30 30 33 20 30 00
n1,2:         1 2
Phase1,2:     13902580-13902689=-109
a1,2:         256 512
b1,2:         512 768
 
Время:        07.08.2019 19:04:19
message1:     68 20 33 20 34 3F 32 32 34 3D 33 30 20 32 30 30 30 30 30 30 30 2B 30 30 32 2B 30 30 33 20 30 00
message2:     68 20 33 20 38 38 32 32 34 3D 33 30 20 33 30 30 30 30 30 30 30 2B 30 30 33 2B 30 30 34 20 30 00
n1,2:         2 3
Phase1,2:     13902472-13902580=-108
a1,2:         512 768
b1,2:         768 1024
 
Время:        07.08.2019 19:04:20
message1:     68 20 33 20 38 38 32 32 34 3D 33 30 20 33 30 30 30 30 30 30 30 2B 30 30 33 2B 30 30 34 20 30 00
message2:     68 20 33 20 3D 35 32 32 34 3D 33 30 20 34 30 30 30 30 30 30 30 2B 30 30 34 2B 30 30 35 20 30 00
n1,2:         3 4
Phase1,2:     13902429-13902472=-43
a1,2:         768 1024
b1,2:         1024 1280
 
Время:        07.08.2019 19:04:21
message1:     68 20 33 20 3D 35 32 32 34 3D 33 30 20 34 30 30 30 30 30 30 30 2B 30 30 34 2B 30 30 35 20 30 00
message2:     68 20 33 20 3F 33 32 32 34 3D 33 30 20 35 30 30 30 30 30 30 30 2B 30 30 35 2B 30 30 36 20 30 00
n1,2:         4 5
Phase1,2:     13902399-13902429=-30
a1,2:         1024 1280
b1,2:         1280 1536
 
Время:        07.08.2019 19:04:22
message1:     68 20 33 20 3F 33 32 32 34 3D 33 30 20 35 30 30 30 30 30 30 30 2B 30 30 35 2B 30 30 36 20 30 00
message2:     68 20 33 20 39 32 32 32 34 3D 33 30 20 36 30 30 30 30 30 30 30 2B 30 30 36 2B 30 30 37 20 30 00
n1,2:         5 6
Phase1,2:     13902377-13902399=-22
a1,2:         1280 1536
b1,2:         1536 1792
 
Время:        07.08.2019 19:04:23
message1:     68 20 33 20 39 32 32 32 34 3D 33 30 20 36 30 30 30 30 30 30 30 2B 30 30 36 2B 30 30 37 20 30 00
message2:     68 20 33 20 3B 3F 31 32 34 3D 33 30 20 37 30 30 30 30 30 30 30 2B 30 30 37 2B 30 30 38 20 30 00
n1,2:         6 7
Phase1,2:     13902331-13902377=-46
a1,2:         1536 1792
b1,2:         1792 2048
 
Время:        07.08.2019 19:04:24
message1:     68 20 33 20 3B 3F 31 32 34 3D 33 30 20 37 30 30 30 30 30 30 30 2B 30 30 37 2B 30 30 38 20 30 00
message2:     68 20 33 20 39 3E 31 32 34 3D 33 30 20 38 30 30 30 30 30 30 30 2B 30 30 38 2B 30 30 39 20 30 00
n1,2:         7 8
Phase1,2:     13902313-13902331=-18
a1,2:         1792 2048
b1,2:         2048 2304
 
Время:        07.08.2019 19:04:25
message1:     68 20 33 20 39 3E 31 32 34 3D 33 30 20 38 30 30 30 30 30 30 30 2B 30 30 38 2B 30 30 39 20 30 00
message2:     68 20 33 20 3C 3E 31 32 34 3D 33 30 20 39 30 30 30 30 30 30 30 2B 30 30 39 2B 30 31 30 20 30 00
n1,2:         8 9
Phase1,2:     13902316-13902313=3
a1,2:         2048 2304
b1,2:         2304 16
 
Время:        07.08.2019 19:04:26
message1:     68 20 33 20 3C 3E 31 32 34 3D 33 30 20 39 30 30 30 30 30 30 30 2B 30 30 39 2B 30 31 30 20 30 00
message2:     68 20 33 20 31 30 32 32 34 3D 33 30 20 3A 30 30 30 30 30 30 30 2B 30 31 30 2B 30 31 31 20 30 00
n1,2:         9 10
Phase1,2:     13902337-13902316=21
a1,2:         2304 16
b1,2:         16 272
 
Время:        07.08.2019 19:04:27
message1:     68 20 33 20 31 30 32 32 34 3D 33 30 20 3A 30 30 30 30 30 30 30 2B 30 31 30 2B 30 31 31 20 30 00
message2:     68 20 33 20 31 3C 31 32 34 3D 33 30 20 3B 30 30 30 30 30 30 30 2B 30 31 31 2B 30 31 32 20 30 00
n1,2:         10 11
Phase1,2:     13902273-13902337=-64
a1,2:         16 272
b1,2:         272 528
 
Время:        07.08.2019 19:04:28
message1:     68 20 33 20 31 3C 31 32 34 3D 33 30 20 3B 30 30 30 30 30 30 30 2B 30 31 31 2B 30 31 32 20 30 00
message2:     68 20 33 20 3B 3D 31 32 34 3D 33 30 20 3C 30 30 30 30 30 30 30 2B 30 31 32 2B 30 31 33 20 30 00
n1,2:         11 12
Phase1,2:     13902299-13902273=26
a1,2:         272 528
b1,2:         528 784
 
Время:        07.08.2019 19:04:29
message1:     68 20 33 20 3B 3D 31 32 34 3D 33 30 20 3C 30 30 30 30 30 30 30 2B 30 31 32 2B 30 31 33 20 30 00
message2:     68 20 33 20 3B 3C 31 32 34 3D 33 30 20 3D 30 30 30 30 30 30 30 2B 30 31 33 2B 30 31 34 20 30 00
n1,2:         12 13
Phase1,2:     13902283-13902299=-16
a1,2:         528 784
b1,2:         784 1040
 
Время:        07.08.2019 19:04:30
message1:     68 20 33 20 3B 3C 31 32 34 3D 33 30 20 3D 30 30 30 30 30 30 30 2B 30 31 33 2B 30 31 34 20 30 00
message2:     68 20 33 20 3B 3D 31 32 34 3D 33 30 20 3E 30 30 30 30 30 30 30 2B 30 31 34 2B 30 31 35 20 30 00
n1,2:         13 14
Phase1,2:     13902299-13902283=16
a1,2:         784 1040
b1,2:         1040 1296
 
Время:        07.08.2019 19:04:31
message1:     68 20 33 20 3B 3D 31 32 34 3D 33 30 20 3E 30 30 30 30 30 30 30 2B 30 31 34 2B 30 31 35 20 30 00
message2:     68 20 33 20 37 30 32 32 34 3D 33 30 20 3F 30 30 30 30 30 30 30 2B 30 31 35 2B 30 31 36 20 30 00
n1,2:         14 15
Phase1,2:     13902343-13902299=44
a1,2:         1040 1296
b1,2:         1296 1552
 
Время:        07.08.2019 19:04:32
message1:     68 20 33 20 37 30 32 32 34 3D 33 30 20 3F 30 30 30 30 30 30 30 2B 30 31 35 2B 30 31 36 20 30 00
message2:     68 20 33 20 34 30 32 32 34 3D 33 30 20 30 31 30 30 30 30 30 30 2B 30 31 36 2B 30 31 37 20 30 00
n1,2:         15 16
Phase1,2:     13902340-13902343=-3
a1,2:         1296 1552
b1,2:         1552 1808
 
Время:        07.08.2019 19:04:33
message1:     68 20 33 20 34 30 32 32 34 3D 33 30 20 30 31 30 30 30 30 30 30 2B 30 31 36 2B 30 31 37 20 30 00
message2:     68 20 33 20 37 31 32 32 34 3D 33 30 20 31 31 30 30 30 30 30 30 2B 30 31 37 2B 30 31 38 20 30 00
n1,2:         16 17
Phase1,2:     13902359-13902340=19
a1,2:         1552 1808
b1,2:         1808 2064
 
Время:        07.08.2019 19:04:34
message1:     68 20 33 20 37 31 32 32 34 3D 33 30 20 31 31 30 30 30 30 30 30 2B 30 31 37 2B 30 31 38 20 30 00
message2:     68 20 33 20 38 32 32 32 34 3D 33 30 20 32 31 30 30 30 30 30 30 2B 30 31 38 2B 30 31 39 20 30 00
n1,2:         17 18
Phase1,2:     13902376-13902359=17
a1,2:         1808 2064
b1,2:         2064 2320
 
Время:        07.08.2019 19:04:35
message1:     68 20 33 20 38 32 32 32 34 3D 33 30 20 32 31 30 30 30 30 30 30 2B 30 31 38 2B 30 31 39 20 30 00
message2:     68 20 33 20 31 32 32 32 34 3D 33 30 20 33 31 30 30 30 30 30 30 2B 30 31 39 2B 30 32 30 20 30 00
n1,2:         18 19
Phase1,2:     13902369-13902376=-7
a1,2:         2064 2320
b1,2:         2320 32
 
Время:        07.08.2019 19:04:36
message1:     68 20 33 20 31 32 32 32 34 3D 33 30 20 33 31 30 30 30 30 30 30 2B 30 31 39 2B 30 32 30 20 30 00
message2:     68 20 33 20 36 34 32 32 34 3D 33 30 20 34 31 30 30 30 30 30 30 2B 30 32 30 2B 30 32 31 20 30 00
n1,2:         19 20
Phase1,2:     13902406-13902369=37
a1,2:         2320 32
b1,2:         32 288
 
Время:        07.08.2019 19:04:37
message1:     68 20 33 20 36 34 32 32 34 3D 33 30 20 34 31 30 30 30 30 30 30 2B 30 32 30 2B 30 32 31 20 30 00
message2:     68 20 33 20 3B 37 32 32 34 3D 33 30 20 35 31 30 30 30 30 30 30 2B 30 32 31 2B 30 32 32 20 30 00
n1,2:         20 21
Phase1,2:     13902459-13902406=53
a1,2:         32 288
b1,2:         288 544
 
Время:        07.08.2019 19:04:38
message1:     68 20 33 20 3B 37 32 32 34 3D 33 30 20 35 31 30 30 30 30 30 30 2B 30 32 31 2B 30 32 32 20 30 00
message2:     68 20 33 20 34 37 32 32 34 3D 33 30 20 36 31 30 30 30 30 30 30 2B 30 32 32 2B 30 32 33 20 30 00
n1,2:         21 22
Phase1,2:     13902452-13902459=-7
a1,2:         288 544
b1,2:         544 800
 
Время:        07.08.2019 19:04:39
message1:     68 20 33 20 34 37 32 32 34 3D 33 30 20 36 31 30 30 30 30 30 30 2B 30 32 32 2B 30 32 33 20 30 00
message2:     68 20 33 20 3E 38 32 32 34 3D 33 30 20 37 31 30 30 30 30 30 30 2B 30 32 33 2B 30 32 34 20 30 00
n1,2:         22 23
Phase1,2:     13902478-13902452=26
a1,2:         544 800
b1,2:         800 1056
 
Время:        07.08.2019 19:04:40
message1:     68 20 33 20 3E 38 32 32 34 3D 33 30 20 37 31 30 30 30 30 30 30 2B 30 32 33 2B 30 32 34 20 30 00
message2:     68 20 33 20 3C 3A 32 32 34 3D 33 30 20 38 31 30 30 30 30 30 30 2B 30 32 34 2B 30 32 35 20 30 00
n1,2:         23 24
Phase1,2:     13902508-13902478=30
a1,2:         800 1056
b1,2:         1056 1312
 
Время:        07.08.2019 19:04:41
message1:     68 20 33 20 3C 3A 32 32 34 3D 33 30 20 38 31 30 30 30 30 30 30 2B 30 32 34 2B 30 32 35 20 30 00
message2:     68 20 33 20 3B 3F 32 32 34 3D 33 30 20 39 31 30 30 30 30 30 30 2B 30 32 35 2B 30 32 36 20 30 00
n1,2:         24 25
Phase1,2:     13902587-13902508=79
a1,2:         1056 1312
b1,2:         1312 1568
 
Время:        07.08.2019 19:04:42
message1:     68 20 33 20 3B 3F 32 32 34 3D 33 30 20 39 31 30 30 30 30 30 30 2B 30 32 35 2B 30 32 36 20 30 00
message2:     68 20 33 20 3A 33 33 32 34 3D 33 30 20 3A 31 30 30 30 30 30 30 2B 30 32 36 2B 30 32 37 20 30 00
n1,2:         25 26
Phase1,2:     13902650-13902587=63
a1,2:         1312 1568
b1,2:         1568 1824
 
Время:        07.08.2019 19:04:43
message1:     68 20 33 20 3A 33 33 32 34 3D 33 30 20 3A 31 30 30 30 30 30 30 2B 30 32 36 2B 30 32 37 20 30 00
message2:     68 20 33 20 3B 32 33 32 34 3D 33 30 20 3B 31 30 30 30 30 30 30 2B 30 32 37 2B 30 32 38 20 30 00
n1,2:         26 27
Phase1,2:     13902635-13902650=-15
a1,2:         1568 1824
b1,2:         1824 2080
 
Время:        07.08.2019 19:04:44
message1:     68 20 33 20 3B 32 33 32 34 3D 33 30 20 3B 31 30 30 30 30 30 30 2B 30 32 37 2B 30 32 38 20 30 00
message2:     68 20 33 20 33 33 33 32 34 3D 33 30 20 3C 31 30 30 30 30 30 30 2B 30 32 38 2B 30 32 39 20 30 00
n1,2:         27 28
Phase1,2:     13902643-13902635=8
a1,2:         1824 2080
b1,2:         2080 2336
 
Время:        07.08.2019 19:04:45
message1:     68 20 33 20 33 33 33 32 34 3D 33 30 20 3C 31 30 30 30 30 30 30 2B 30 32 38 2B 30 32 39 20 30 00
message2:     68 20 33 20 34 38 33 32 34 3D 33 30 20 3D 31 30 30 30 30 30 30 2B 30 32 39 2B 30 33 30 20 30 00
n1,2:         28 29
Phase1,2:     13902724-13902643=81
a1,2:         2080 2336
b1,2:         2336 48
 
Время:        07.08.2019 19:04:46
message1:     68 20 33 20 34 38 33 32 34 3D 33 30 20 3D 31 30 30 30 30 30 30 2B 30 32 39 2B 30 33 30 20 30 00
message2:     68 20 33 20 3D 36 33 32 34 3D 33 30 20 3E 31 30 30 30 30 30 30 2B 30 33 30 2B 30 33 31 20 30 00
n1,2:         29 30
Phase1,2:     13902701-13902724=-23
a1,2:         2336 48
b1,2:         48 304
 
Время:        07.08.2019 19:04:47
message1:     68 20 33 20 3D 36 33 32 34 3D 33 30 20 3E 31 30 30 30 30 30 30 2B 30 33 30 2B 30 33 31 20 30 00
message2:     68 20 33 20 32 3B 33 32 34 3D 33 30 20 3F 31 30 30 30 30 30 30 2B 30 33 31 2B 30 33 32 20 30 00
n1,2:         30 31
Phase1,2:     13902770-13902701=69
a1,2:         48 304
b1,2:         304 560
 
Время:        07.08.2019 19:04:48
message1:     68 20 33 20 32 3B 33 32 34 3D 33 30 20 3F 31 30 30 30 30 30 30 2B 30 33 31 2B 30 33 32 20 30 00
message2:     68 20 33 20 35 3E 33 32 34 3D 33 30 20 30 32 30 30 30 30 30 30 2B 30 33 32 2B 30 33 33 20 30 00
n1,2:         31 32
Phase1,2:     13902821-13902770=51
a1,2:         304 560
b1,2:         560 816
 
Время:        07.08.2019 19:04:49
message1:     68 20 33 20 35 3E 33 32 34 3D 33 30 20 30 32 30 30 30 30 30 30 2B 30 33 32 2B 30 33 33 20 30 00
message2:     68 20 33 20 3D 31 34 32 34 3D 33 30 20 31 32 30 30 30 30 30 30 2B 30 33 33 2B 30 33 34 20 30 00
n1,2:         32 33
Phase1,2:     13902877-13902821=56
a1,2:         560 816
b1,2:         816 1072
 
Время:        07.08.2019 19:04:50
message1:     68 20 33 20 3D 31 34 32 34 3D 33 30 20 31 32 30 30 30 30 30 30 2B 30 33 33 2B 30 33 34 20 30 00
message2:     68 20 33 20 37 31 34 32 34 3D 33 30 20 32 32 30 30 30 30 30 30 2B 30 33 34 2B 30 33 35 20 30 00
n1,2:         33 34
Phase1,2:     13902871-13902877=-6
a1,2:         816 1072
b1,2:         1072 1328
 
Время:        07.08.2019 19:04:51
message1:     68 20 33 20 37 31 34 32 34 3D 33 30 20 32 32 30 30 30 30 30 30 2B 30 33 34 2B 30 33 35 20 30 00
message2:     68 20 33 20 3E 35 34 32 34 3D 33 30 20 33 32 30 30 30 30 30 30 2B 30 33 35 2B 30 33 36 20 30 00
n1,2:         34 35
Phase1,2:     13902942-13902871=71
a1,2:         1072 1328
b1,2:         1328 1584
 
Время:        07.08.2019 19:04:52
message1:     68 20 33 20 3E 35 34 32 34 3D 33 30 20 33 32 30 30 30 30 30 30 2B 30 33 35 2B 30 33 36 20 30 00
message2:     68 20 33 20 39 35 34 32 34 3D 33 30 20 34 32 30 30 30 30 30 30 2B 30 33 36 2B 30 33 37 20 30 00
n1,2:         35 36
Phase1,2:     13902937-13902942=-5
a1,2:         1328 1584
b1,2:         1584 1840
 
Время:        07.08.2019 19:04:53
message1:     68 20 33 20 39 35 34 32 34 3D 33 30 20 34 32 30 30 30 30 30 30 2B 30 33 36 2B 30 33 37 20 30 00
message2:     68 20 33 20 3F 38 34 32 34 3D 33 30 20 35 32 30 30 30 30 30 30 2B 30 33 37 2B 30 33 38 20 30 00
n1,2:         36 37
Phase1,2:     13902991-13902937=54
a1,2:         1584 1840
b1,2:         1840 2096
 
Время:        07.08.2019 19:04:54
message1:     68 20 33 20 3F 38 34 32 34 3D 33 30 20 35 32 30 30 30 30 30 30 2B 30 33 37 2B 30 33 38 20 30 00
message2:     68 20 33 20 3D 3C 34 32 34 3D 33 30 20 36 32 30 30 30 30 30 30 2B 30 33 38 2B 30 33 39 20 30 00
n1,2:         37 38
Phase1,2:     13903053-13902991=62
a1,2:         1840 2096
b1,2:         2096 2352
 
Время:        07.08.2019 19:04:55
message1:     68 20 33 20 3D 3C 34 32 34 3D 33 30 20 36 32 30 30 30 30 30 30 2B 30 33 38 2B 30 33 39 20 30 00
message2:     68 20 33 20 38 3D 34 32 34 3D 33 30 20 37 32 30 30 30 30 30 30 2B 30 33 39 2B 30 34 30 20 30 00
n1,2:         38 39
Phase1,2:     13903064-13903053=11
a1,2:         2096 2352
b1,2:         2352 64
 
Время:        07.08.2019 19:04:56
message1:     68 20 33 20 38 3D 34 32 34 3D 33 30 20 37 32 30 30 30 30 30 30 2B 30 33 39 2B 30 34 30 20 30 00
message2:     68 20 33 20 33 30 35 32 34 3D 33 30 20 38 32 30 30 30 30 30 30 2B 30 34 30 2B 30 34 31 20 30 00
n1,2:         39 40
Phase1,2:     13903107-13903064=43
a1,2:         2352 64
b1,2:         64 320
 
Время:        07.08.2019 19:04:57
message1:     68 20 33 20 33 30 35 32 34 3D 33 30 20 38 32 30 30 30 30 30 30 2B 30 34 30 2B 30 34 31 20 30 00
message2:     68 20 33 20 33 35 35 32 34 3D 33 30 20 39 32 30 30 30 30 30 30 2B 30 34 31 2B 30 34 32 20 30 00
n1,2:         40 41
Phase1,2:     13903187-13903107=80
a1,2:         64 320
b1,2:         320 576
 
Время:        07.08.2019 19:04:58
message1:     68 20 33 20 33 35 35 32 34 3D 33 30 20 39 32 30 30 30 30 30 30 2B 30 34 31 2B 30 34 32 20 30 00
message2:     68 20 33 20 33 37 35 32 34 3D 33 30 20 3A 32 30 30 30 30 30 30 2B 30 34 32 2B 30 34 33 20 30 00
n1,2:         41 42
Phase1,2:     13903219-13903187=32
a1,2:         320 576
b1,2:         576 832
 
Время:        07.08.2019 19:04:59
message1:     68 20 33 20 33 37 35 32 34 3D 33 30 20 3A 32 30 30 30 30 30 30 2B 30 34 32 2B 30 34 33 20 30 00
message2:     68 20 33 20 31 3B 35 32 34 3D 33 30 20 3B 32 30 30 30 30 30 30 2B 30 34 33 2B 30 34 34 20 30 00
n1,2:         42 43
Phase1,2:     13903281-13903219=62
a1,2:         576 832
b1,2:         832 1088
 
Время:        07.08.2019 19:05:00
message1:     68 20 33 20 31 3B 35 32 34 3D 33 30 20 3B 32 30 30 30 30 30 30 2B 30 34 33 2B 30 34 34 20 30 00
message2:     68 20 33 20 35 3C 35 32 34 3D 33 30 20 3C 32 30 30 30 30 30 30 2B 30 34 34 2B 30 34 35 20 30 00
n1,2:         43 44
Phase1,2:     13903301-13903281=20
a1,2:         832 1088
b1,2:         1088 1344
 
Время:        07.08.2019 19:05:01
message1:     68 20 33 20 35 3C 35 32 34 3D 33 30 20 3C 32 30 30 30 30 30 30 2B 30 34 34 2B 30 34 35 20 30 00
message2:     68 20 33 20 34 3B 35 32 34 3D 33 30 20 3D 32 30 30 30 30 30 30 2B 30 34 35 2B 30 34 36 20 30 00
n1,2:         44 45
Phase1,2:     13903284-13903301=-17
a1,2:         1088 1344
b1,2:         1344 1600
 
Время:        07.08.2019 19:05:02
message1:     68 20 33 20 34 3B 35 32 34 3D 33 30 20 3D 32 30 30 30 30 30 30 2B 30 34 35 2B 30 34 36 20 30 00
message2:     68 20 33 20 35 32 36 32 34 3D 33 30 20 3E 32 30 30 30 30 30 30 2B 30 34 36 2B 30 34 37 20 30 00
n1,2:         45 46
Phase1,2:     13903397-13903284=113
a1,2:         1344 1600
b1,2:         1600 1856
 
Время:        07.08.2019 19:05:03
message1:     68 20 33 20 35 32 36 32 34 3D 33 30 20 3E 32 30 30 30 30 30 30 2B 30 34 36 2B 30 34 37 20 30 00
message2:     68 20 33 20 30 32 36 32 34 3D 33 30 20 3F 32 30 30 30 30 30 30 2B 30 34 37 2B 30 34 38 20 30 00
n1,2:         46 47
Phase1,2:     13903392-13903397=-5
a1,2:         1600 1856
b1,2:         1856 2112
 
Время:        07.08.2019 19:05:04
message1:     68 20 33 20 30 32 36 32 34 3D 33 30 20 3F 32 30 30 30 30 30 30 2B 30 34 37 2B 30 34 38 20 30 00
message2:     68 20 33 20 33 35 36 32 34 3D 33 30 20 30 33 30 30 30 30 30 30 2B 30 34 38 2B 30 34 39 20 30 00
n1,2:         47 48
Phase1,2:     13903443-13903392=51
a1,2:         1856 2112
b1,2:         2112 2368
 
Время:        07.08.2019 19:05:05
message1:     68 20 33 20 33 35 36 32 34 3D 33 30 20 30 33 30 30 30 30 30 30 2B 30 34 38 2B 30 34 39 20 30 00
message2:     68 20 33 20 35 39 36 32 34 3D 33 30 20 31 33 30 30 30 30 30 30 2B 30 34 39 2B 30 35 30 20 30 00
n1,2:         48 49
Phase1,2:     13903509-13903443=66
a1,2:         2112 2368
b1,2:         2368 80
 
Время:        07.08.2019 19:05:06
message1:     68 20 33 20 35 39 36 32 34 3D 33 30 20 31 33 30 30 30 30 30 30 2B 30 34 39 2B 30 35 30 20 30 00
message2:     68 20 33 20 31 3A 36 32 34 3D 33 30 20 32 33 30 30 30 30 30 30 2B 30 35 30 2B 30 35 31 20 30 00
n1,2:         49 50
Phase1,2:     13903521-13903509=12
a1,2:         2368 80
b1,2:         80 336
 
Время:        07.08.2019 19:05:07
message1:     68 20 33 20 31 3A 36 32 34 3D 33 30 20 32 33 30 30 30 30 30 30 2B 30 35 30 2B 30 35 31 20 30 00
message2:     68 20 33 20 3A 30 37 32 34 3D 33 30 20 33 33 30 30 30 30 30 30 2B 30 35 31 2B 30 35 32 20 30 00
n1,2:         50 51
Phase1,2:     13903626-13903521=105
a1,2:         80 336
b1,2:         336 592
 
Время:        07.08.2019 19:05:08
message1:     68 20 33 20 3A 30 37 32 34 3D 33 30 20 33 33 30 30 30 30 30 30 2B 30 35 31 2B 30 35 32 20 30 00
message2:     68 20 33 20 39 3D 36 32 34 3D 33 30 20 34 33 30 30 30 30 30 30 2B 30 35 32 2B 30 35 33 20 30 00
n1,2:         51 52
Phase1,2:     13903577-13903626=-49
a1,2:         336 592
b1,2:         592 848
 
Время:        07.08.2019 19:05:09
message1:     68 20 33 20 39 3D 36 32 34 3D 33 30 20 34 33 30 30 30 30 30 30 2B 30 35 32 2B 30 35 33 20 30 00
message2:     68 20 33 20 32 34 37 32 34 3D 33 30 20 35 33 30 30 30 30 30 30 2B 30 35 33 2B 30 35 34 20 30 00
n1,2:         52 53
Phase1,2:     13903682-13903577=105
a1,2:         592 848
b1,2:         848 1104
 
Время:        07.08.2019 19:05:10
message1:     68 20 33 20 32 34 37 32 34 3D 33 30 20 35 33 30 30 30 30 30 30 2B 30 35 33 2B 30 35 34 20 30 00
message2:     68 20 33 20 38 34 37 32 34 3D 33 30 20 36 33 30 30 30 30 30 30 2B 30 35 34 2B 30 35 35 20 30 00
n1,2:         53 54
Phase1,2:     13903688-13903682=6
a1,2:         848 1104
b1,2:         1104 1360
 
Время:        07.08.2019 19:05:11
message1:     68 20 33 20 38 34 37 32 34 3D 33 30 20 36 33 30 30 30 30 30 30 2B 30 35 34 2B 30 35 35 20 30 00
message2:     68 20 33 20 3B 37 37 32 34 3D 33 30 20 37 33 30 30 30 30 30 30 2B 30 35 35 2B 30 35 36 20 30 00
n1,2:         54 55
Phase1,2:     13903739-13903688=51
a1,2:         1104 1360
b1,2:         1360 1616
 
Время:        07.08.2019 19:05:12
message1:     68 20 33 20 3B 37 37 32 34 3D 33 30 20 37 33 30 30 30 30 30 30 2B 30 35 35 2B 30 35 36 20 30 00
message2:     68 20 33 20 36 3A 37 32 34 3D 33 30 20 38 33 30 30 30 30 30 30 2B 30 35 36 2B 30 35 37 20 30 00
n1,2:         55 56
Phase1,2:     13903782-13903739=43
a1,2:         1360 1616
b1,2:         1616 1872
 
